time,class,class_prop,class_rel,class_prop_rel
154.9,1,1,1,0.91044776119403
155.9,1,1,1,1
156.9,1,1,1,1
157.9,1,0.900497512437811,1,0.865671641791045
158.9,1,0.651741293532338,1,0.616915422885572
159.9,7,0.597014925373134,7,0.631840796019901
160.9,7,0.845771144278607,7,0.880597014925373
161.9,7,1,7,1
162.9,7,1,7,1
163.9,7,1,7,1
164.9,7,1,7,1
165.9,7,1,7,1
166.9,7,1,7,1
167.9,7,1,7,1
168.9,7,1,7,1
169.9,7,1,7,1
170.9,7,1,7,1
171.9,7,1,7,1
172.9,7,1,7,1
173.9,7,1,7,1
174.9,7,1,7,1
175.9,7,1,7,1
176.9,7,1,7,1
177.9,7,1,7,1
178.9,7,1,7,1
179.9,7,1,7,1
180.9,7,1,7,1
181.9,7,1,7,1
182.9,7,1,7,1
183.9,7,1,7,1
184.9,7,1,7,1
185.9,7,1,7,1
186.9,7,1,7,1
187.9,7,1,7,1
188.9,7,1,7,1
189.9,7,1,7,1
190.9,7,1,7,1
191.9,7,1,7,1
192.9,7,1,7,1
193.9,7,1,7,1
194.9,7,1,7,1
195.9,7,1,7,1
196.9,7,1,7,1
197.9,7,1,7,1
198.9,7,1,7,1
199.9,7,1,7,1
200.9,7,1,7,1
201.9,7,1,7,1
202.9,7,1,7,1
203.9,7,1,7,1
204.9,7,1,7,1
205.9,7,1,7,1
206.9,7,1,7,1
207.9,7,1,7,1
208.9,7,1,7,1
209.9,7,1,7,1
210.9,7,1,7,1
211.9,7,1,7,1
212.9,7,1,7,1
213.9,7,1,7,1
214.9,7,1,7,1
215.9,7,1,7,1
216.9,7,1,7,1
217.9,7,1,7,1
218.9,7,1,7,1
219.9,7,1,7,1
220.9,7,1,7,1
221.9,7,1,7,1
222.9,7,1,7,1
223.9,7,1,7,1
224.9,7,1,7,1
225.9,7,1,7,1
226.9,7,1,7,1
227.9,7,1,7,1
228.9,7,1,7,1
229.9,7,1,7,1
230.9,7,1,7,1
231.9,7,1,7,1
232.9,7,1,7,1
233.9,7,1,7,1
234.9,7,1,7,1
235.9,7,1,7,1
236.9,7,1,7,1
237.9,7,1,7,1
238.9,7,1,7,1
239.9,7,1,7,1
240.9,7,1,7,1
241.9,7,1,7,1
242.9,7,1,7,1
243.9,7,1,7,1
244.9,7,1,7,1
245.9,7,1,7,1
246.9,7,1,7,1
247.9,7,1,7,1
248.9,7,1,7,1
249.9,7,1,7,1
250.9,7,1,7,1
251.9,7,1,7,1
252.9,7,1,7,1
253.9,7,1,7,1
254.9,7,1,7,1
255.9,7,1,7,1
256.9,7,1,7,1
257.9,7,1,7,1
258.9,7,1,7,1
259.9,7,1,7,1
260.9,7,1,7,1
261.9,7,1,7,1
262.9,7,1,7,1
263.9,7,1,7,1
264.9,7,1,7,1
265.9,7,1,7,1
266.9,7,1,7,1
267.9,7,1,7,1
268.9,7,1,7,1
269.9,7,1,7,1
270.9,7,1,7,1
271.9,7,1,7,1
272.9,7,1,7,1
273.9,7,1,7,1
274.9,7,1,7,1
275.9,7,1,7,1
276.9,7,1,7,1
277.9,7,1,7,1
278.9,7,1,7,1
279.9,7,1,7,1
280.9,7,1,7,1
281.9,7,1,7,1
282.9,7,1,7,1
283.9,7,1,7,1
284.9,7,1,7,1
285.9,7,1,7,1
286.9,7,1,7,1
287.9,7,1,7,1
288.9,7,1,7,1
289.9,7,1,7,1
290.9,7,1,7,1
291.9,7,1,7,1
292.9,7,1,7,1
293.9,7,1,7,1
294.9,7,1,7,1
295.9,7,1,7,1
296.9,7,1,7,1
297.9,7,1,7,1
298.9,7,1,7,1
299.9,7,1,7,1
300.9,7,1,7,1
301.9,7,1,7,1
302.9,7,1,7,1
303.9,7,1,7,1
304.9,7,1,7,1
305.9,7,1,7,1
306.9,7,1,7,1
307.9,7,1,7,1
308.9,7,1,7,1
309.9,7,1,7,1
310.9,7,1,7,1
311.9,7,1,7,1
312.9,7,1,7,1
313.9,7,1,7,1
314.9,7,1,7,1
315.9,7,1,7,1
316.9,7,1,7,1
317.9,7,1,7,1
318.9,7,1,7,1
319.9,7,1,7,1
320.9,7,1,7,1
321.9,7,1,7,1
322.9,7,1,7,1
323.9,7,1,7,1
324.9,7,1,7,1
325.9,7,1,7,1
326.9,7,1,7,1
327.9,7,1,7,1
328.9,7,1,7,1
329.9,7,1,7,1
330.9,7,1,7,1
331.9,7,1,7,1
332.9,7,1,7,1
333.9,7,1,7,1
334.9,7,1,7,1
335.9,7,1,7,1
336.9,7,1,7,1
337.9,7,1,7,1
338.9,7,1,7,1
339.9,7,1,7,1
340.9,7,1,7,1
341.9,7,1,7,1
342.9,7,1,7,1
343.9,7,1,7,1
344.9,7,1,7,1
345.9,7,1,7,1
346.9,7,1,7,1
347.9,7,1,7,1
348.9,7,1,7,1
349.9,7,1,7,1
350.9,7,1,7,1
351.9,7,1,7,1
352.9,7,1,7,1
353.9,7,1,7,1
354.9,7,1,7,1
355.9,7,1,7,1
356.9,7,1,7,1
357.9,7,1,7,1
358.9,7,1,7,1
359.9,7,1,7,1
360.9,7,1,7,1
361.9,7,1,7,1
362.9,7,1,7,1
363.9,7,1,7,1
364.9,7,1,7,1
365.9,7,1,7,1
366.9,7,1,7,1
367.9,7,1,7,1
368.9,7,1,7,1
369.9,7,1,7,1
370.9,7,1,7,1
371.9,7,1,7,1
372.9,7,1,7,1
373.9,7,1,7,1
374.9,7,1,7,1
375.9,7,1,7,1
376.9,7,1,7,1
377.9,7,1,7,1
378.9,7,1,7,1
379.9,7,1,7,1
380.9,7,1,7,1
381.9,7,1,7,1
382.9,7,1,7,1
383.9,7,1,7,1
384.9,7,1,7,1
385.9,7,1,7,1
386.9,7,1,7,1
387.9,7,1,7,1
388.9,7,1,7,1
389.9,7,1,7,1
390.9,7,1,7,1
391.9,7,1,7,1
392.9,7,1,7,1
393.9,7,1,7,1
394.9,7,1,7,1
395.9,7,1,7,1
396.9,7,1,7,1
397.9,7,1,7,1
398.9,7,1,7,1
399.9,7,1,7,1
400.9,7,1,7,1
401.9,7,1,7,1
402.9,7,1,7,1
403.9,7,1,7,1
404.9,7,1,7,1
405.9,7,1,7,1
406.9,7,1,7,1
407.9,7,1,7,1
408.9,7,1,7,1
409.9,7,1,7,1
410.9,7,1,7,1
411.9,7,1,7,1
412.9,7,1,7,1
413.9,7,1,7,1
414.9,7,1,7,1
415.9,7,1,7,1
416.9,7,1,7,1
417.9,7,1,7,1
418.9,7,1,7,1
419.9,7,1,7,1
420.9,7,1,7,1
421.9,7,1,7,1
422.9,7,1,7,1
423.9,7,1,7,1
424.9,7,1,7,1
425.9,7,1,7,1
426.9,7,1,7,1
427.9,7,1,7,1
428.9,7,1,7,1
429.9,7,1,7,1
430.9,7,1,7,1
431.9,7,1,7,1
432.9,7,1,7,1
433.9,7,1,7,1
434.9,7,1,7,1
435.9,7,1,7,1
436.9,7,1,7,1
437.9,7,1,7,1
438.9,7,1,7,1
439.9,7,1,7,1
440.9,7,1,7,1
441.9,7,1,7,1
442.9,7,1,7,1
443.9,7,1,7,1
444.9,7,1,7,1
445.9,7,1,7,1
446.9,7,1,7,1
447.9,7,1,7,1
448.9,7,1,7,1
449.9,7,1,7,1
450.9,7,1,7,1
451.9,7,1,7,1
452.9,7,1,7,1
453.9,7,1,7,1
454.9,7,1,7,1
455.9,7,1,7,1
456.9,7,1,7,1
457.9,7,1,7,1
458.9,7,1,7,1
459.9,7,1,7,1
460.9,7,1,7,1
461.9,7,1,7,1
462.9,7,1,7,1
463.9,7,1,7,1
464.9,7,1,7,1
465.9,7,1,7,1
466.9,7,1,7,1
467.9,7,1,7,1
468.9,7,1,7,1
469.9,7,1,7,1
470.9,7,1,7,1
471.9,7,1,7,1
472.9,7,1,7,1
473.9,7,1,7,1
474.9,7,1,7,1
475.9,7,1,7,1
476.9,7,1,7,1
477.9,7,1,7,1
478.9,7,1,7,1
479.9,7,1,7,1
480.9,7,1,7,1
481.9,7,1,7,1
482.9,7,1,7,1
483.9,7,1,7,1
484.9,7,0.980099502487562,7,0.82089552238806
485.9,7,0.73134328358209,7,0.572139303482587
486.9,10,0.517412935323383,10,0.676616915422886
487.9,10,0.766169154228856,10,0.925373134328358
488.9,10,1,10,1
489.9,10,1,10,1
490.9,10,1,10,1
491.9,10,1,10,1
492.9,10,1,10,1
493.9,10,1,10,1
494.9,10,1,10,1
495.9,10,1,10,1
496.9,10,1,10,1
497.9,10,1,10,1
498.9,10,1,10,1
499.9,10,1,10,1
500.9,10,1,10,1
501.9,10,1,10,1
502.9,10,1,10,1
503.9,10,1,10,1
504.9,10,1,10,1
505.9,10,1,10,1
506.9,10,1,10,1
507.9,10,1,10,1
508.9,10,1,10,1
509.9,10,1,10,1
510.9,10,1,10,1
511.9,10,1,10,1
512.9,10,1,10,1
513.9,10,1,10,1
514.9,10,1,10,1
515.9,10,1,10,1
516.9,10,1,10,1
517.9,10,1,10,1
518.9,10,1,10,1
519.9,10,1,10,1
520.9,10,1,10,1
521.9,10,1,10,1
522.9,10,1,10,1
523.9,10,1,10,1
524.9,10,1,10,1
525.9,10,1,10,1
526.9,10,1,10,1
527.9,10,1,10,1
528.9,10,1,10,1
529.9,10,1,10,1
530.9,10,1,10,1
531.9,10,1,10,1
532.9,10,1,10,1
533.9,10,1,10,1
534.9,10,1,10,1
535.9,10,1,10,1
536.9,10,1,10,1
537.9,10,1,10,1
538.9,10,1,10,1
539.9,10,1,10,1
540.9,10,1,10,1
541.9,10,1,10,1
542.9,10,0.781094527363184,10,1
543.9,10,0.532338308457711,10,1
544.9,3,0.716417910447761,10,0.845771144278607
545.9,3,0.965174129353234,10,0.597014925373134
546.9,3,1,3,0.651741293532338
547.9,3,0.965174129353234,3,0.845771144278607
548.9,3,0.716417910447761,3,0.696517412935323
549.9,7,0.532338308457711,7,0.552238805970149
550.9,7,0.781094527363184,7,0.800995024875622
551.9,7,1,7,1
552.9,7,1,7,1
553.9,7,1,7,0.781094527363184
554.9,7,1,7,0.532338308457711
555.9,7,1,1,0.716417910447761
556.9,7,1,1,0.965174129353234
557.9,7,1,1,1
558.9,7,0.805970149253731,1,0.800995024875622
559.9,7,0.557213930348259,1,0.552238805970149
560.9,8,0.691542288557214,8,0.696517412935323
561.9,8,0.940298507462687,8,0.945273631840796
562.9,8,1,8,1
563.9,8,1,8,1
564.9,8,1,8,1
565.9,8,1,8,1
566.9,8,1,8,1
567.9,8,1,8,1
568.9,8,1,8,1
569.9,8,1,8,1
570.9,8,1,8,1
571.9,8,1,8,1
572.9,8,1,8,1
573.9,8,1,8,1
574.9,8,1,8,1
575.9,8,1,8,1
576.9,8,1,8,1
577.9,8,1,8,1
578.9,8,1,8,1
579.9,8,1,8,1
580.9,8,1,8,1
581.9,8,1,8,1
582.9,8,1,8,1
583.9,8,1,8,1
584.9,8,1,8,1
585.9,8,1,8,1
586.9,8,1,8,1
587.9,8,1,8,1
588.9,8,0.975124378109453,8,0.940298507462687
589.9,8,0.72636815920398,8,0.691542288557214
590.9,1,0.522388059701492,1,0.557213930348259
591.9,1,0.771144278606965,1,0.805970149253731
592.9,1,1,1,1
593.9,1,1,1,1
594.9,1,1,1,1
595.9,1,1,1,1
596.9,1,1,1,1
597.9,1,1,1,1
598.9,1,0.786069651741294,1,0.786069651741294
599.9,1,0.537313432835821,1,0.537313432835821
600.9,2,0.711442786069652,2,0.711442786069652
601.9,2,0.960199004975124,2,0.960199004975124
602.9,2,1,2,1
603.9,2,1,2,1
604.9,2,0.835820895522388,2,0.825870646766169
605.9,2,0.587064676616915,2,0.577114427860697
606.9,1,0.661691542288557,1,0.671641791044776
607.9,1,0.91044776119403,1,0.920398009950249
608.9,1,1,1,1
609.9,1,1,1,1
610.9,1,1,1,1
611.9,1,1,1,1
612.9,1,1,1,1
613.9,1,1,1,1
614.9,1,0.756218905472637,1,0.766169154228856
615.9,1,0.507462686567164,1,0.517412935323383
616.9,2,0.741293532338308,2,0.73134328358209
617.9,2,0.990049751243781,2,0.980099502487562
618.9,2,1,2,1
619.9,2,1,2,1
620.9,2,1,2,1
621.9,2,1,2,1
622.9,2,1,2,0.980099502487562
623.9,2,0.751243781094527,2,0.73134328358209
624.9,2,0.502487562189055,1,0.517412935323383
625.9,1,0.746268656716418,1,0.766169154228856
626.9,1,0.930348258706468,1,0.915422885572139
627.9,1,0.686567164179104,1,0.666666666666667
628.9,6,0.562189054726368,6,0.582089552238806
629.9,6,0.810945273631841,6,0.830845771144279
630.9,6,1,6,1
631.9,6,1,6,1
632.9,6,1,6,1
633.9,6,1,6,1
634.9,6,1,6,1
635.9,6,1,6,1
636.9,6,1,6,1
637.9,6,1,6,1
638.9,6,1,6,1
639.9,6,1,6,1
640.9,6,1,6,1
641.9,6,1,6,1
642.9,6,1,6,1
643.9,6,1,6,1
644.9,6,1,6,1
645.9,6,1,6,1
646.9,6,1,6,1
647.9,6,1,6,1
648.9,6,1,6,1
649.9,6,1,6,1
650.9,6,1,6,1
651.9,6,1,6,1
652.9,6,1,6,1
653.9,6,1,6,1
654.9,6,1,6,1
655.9,6,1,6,1
656.9,6,1,6,1
657.9,6,1,6,1
658.9,6,1,6,1
659.9,6,1,6,1
660.9,6,1,6,1
661.9,6,1,6,1
662.9,6,1,6,1
663.9,6,1,6,1
664.9,6,1,6,1
665.9,6,1,6,1
666.9,6,1,6,1
667.9,6,1,6,1
668.9,6,1,6,1
669.9,6,1,6,1
670.9,6,1,6,1
671.9,6,1,6,1
672.9,6,1,6,1
673.9,6,1,6,1
674.9,6,1,6,1
675.9,6,1,6,1
676.9,6,1,6,1
677.9,6,1,6,1
678.9,6,1,6,1
679.9,6,1,6,1
680.9,6,1,6,1
681.9,6,1,6,1
682.9,6,1,6,1
683.9,6,1,6,1
684.9,6,1,6,1
685.9,6,1,6,1
686.9,6,1,6,1
687.9,6,1,6,1
688.9,6,1,6,1
689.9,6,1,6,1
690.9,6,1,6,1
691.9,6,1,6,1
692.9,6,1,6,1
693.9,6,1,6,1
694.9,6,1,6,1
695.9,6,1,6,1
696.9,6,1,6,1
697.9,6,1,6,1
698.9,6,1,6,1
699.9,6,1,6,1
700.9,6,1,6,1
701.9,6,1,6,1
702.9,6,0.965174129353234,6,0.990049751243781
703.9,6,0.716417910447761,6,0.741293532338308
704.9,5,0.532338308457711,5,0.507462686567164
705.9,5,0.781094527363184,5,0.756218905472637
706.9,5,1,5,1
707.9,5,1,5,1
708.9,5,1,5,1
709.9,5,1,5,1
710.9,5,1,5,1
711.9,5,1,5,1
712.9,5,1,5,1
713.9,5,1,5,1
714.9,5,1,5,1
715.9,5,1,5,1
716.9,5,1,5,1
717.9,5,1,5,1
718.9,5,1,5,1
719.9,5,1,5,1
720.9,5,1,5,1
721.9,5,1,5,1
722.9,5,1,5,1
723.9,5,1,5,1
724.9,5,1,5,1
725.9,5,1,5,1
726.9,5,1,5,1
727.9,5,1,5,1
728.9,5,1,5,1
729.9,5,1,5,1
730.9,5,1,5,1
731.9,5,1,5,1
732.9,5,1,5,1
733.9,5,1,5,1
734.9,5,1,5,1
735.9,5,1,5,1
736.9,5,1,5,1
737.9,5,1,5,1
738.9,5,1,5,1
739.9,5,1,5,1
740.9,5,1,5,1
741.9,5,1,5,1
742.9,5,1,5,1
743.9,5,1,5,1
744.9,5,1,5,1
745.9,5,1,5,1
746.9,5,1,5,1
747.9,5,1,5,1
748.9,5,1,5,1
749.9,5,1,5,1
750.9,5,1,5,1
751.9,5,1,5,1
752.9,5,1,5,1
753.9,5,1,5,1
754.9,5,1,5,1
755.9,5,1,5,1
756.9,5,1,5,1
757.9,5,1,5,1
758.9,5,1,5,1
759.9,5,1,5,1
760.9,5,1,5,1
761.9,5,1,5,1
762.9,5,1,5,1
763.9,5,1,5,1
764.9,5,1,5,1
765.9,5,1,5,1
766.9,5,1,5,1
767.9,5,1,5,1
768.9,5,1,5,1
769.9,5,1,5,1
770.9,5,1,5,1
771.9,5,1,5,1
772.9,5,1,5,1
773.9,5,1,5,1
774.9,5,1,5,1
775.9,5,1,5,1
776.9,5,1,5,1
777.9,5,1,5,1
778.9,5,1,5,1
779.9,5,1,5,1
780.9,5,1,5,1
781.9,5,1,5,1
782.9,5,1,5,1
783.9,5,1,5,1
784.9,5,1,5,1
785.9,5,1,5,1
786.9,5,1,5,1
787.9,5,1,5,1
788.9,5,1,5,1
789.9,5,1,5,1
790.9,5,1,5,1
791.9,5,1,5,1
792.9,5,1,5,1
793.9,5,1,5,1
794.9,5,1,5,1
795.9,5,1,5,1
796.9,5,1,5,1
797.9,5,1,5,1
798.9,5,1,5,1
799.9,5,1,5,1
800.9,5,1,5,1
801.9,5,1,5,1
802.9,5,1,5,1
803.9,5,1,5,1
804.9,5,1,5,1
805.9,5,1,5,1
806.9,5,1,5,1
807.9,5,1,5,1
808.9,5,1,5,1
809.9,5,1,5,1
810.9,5,1,5,1
811.9,5,1,5,1
812.9,5,1,5,1
813.9,5,1,5,1
814.9,5,0.975124378109453,5,0.940298507462687
815.9,5,0.72636815920398,5,0.691542288557214
816.9,6,0.522388059701492,6,0.557213930348259
817.9,6,0.771144278606965,6,0.805970149253731
818.9,6,1,6,1
819.9,6,1,6,1
820.9,6,1,6,1
821.9,6,1,6,1
822.9,6,1,6,1
823.9,6,1,6,1
824.9,6,1,6,1
825.9,6,1,6,1
826.9,6,1,6,1
827.9,6,1,6,1
828.9,6,1,6,1
829.9,6,1,6,1
830.9,6,1,6,1
831.9,6,1,6,1
832.9,6,1,6,1
833.9,6,1,6,1
834.9,6,1,6,0.990049751243781
835.9,6,1,6,0.741293532338308
836.9,6,0.890547263681592,9,0.507462686567164
837.9,6,0.641791044776119,9,0.756218905472637
838.9,9,0.606965174129353,9,1
839.9,9,0.855721393034826,9,1
840.9,9,1,9,1
841.9,9,1,9,1
842.9,9,1,9,1
843.9,9,1,9,1
844.9,9,1,9,1
845.9,9,1,9,1
846.9,9,1,9,1
847.9,9,1,9,1
848.9,9,1,9,1
849.9,9,1,9,1
850.9,9,1,9,1
851.9,9,1,9,1
852.9,9,1,9,1
853.9,9,1,9,1
854.9,9,1,9,1
855.9,9,1,9,1
856.9,9,1,9,1
857.9,9,1,9,1
858.9,9,1,9,1
859.9,9,1,9,1
860.9,9,1,9,1
861.9,9,1,9,1
862.9,9,1,9,1
863.9,9,1,9,1
864.9,9,1,9,1
865.9,9,1,9,1
866.9,9,1,9,1
867.9,9,1,9,1
868.9,9,1,9,1
869.9,9,1,9,1
870.9,9,1,9,1
871.9,9,1,9,1
872.9,9,1,9,1
873.9,9,1,9,1
874.9,9,1,9,1
875.9,9,1,9,1
876.9,9,1,9,1
877.9,9,1,9,1
878.9,9,1,9,1
879.9,9,1,9,1
880.9,9,1,9,1
881.9,9,1,9,1
882.9,9,1,9,1
883.9,9,1,9,1
884.9,9,1,9,1
885.9,9,1,9,1
886.9,9,1,9,1
887.9,9,1,9,1
888.9,9,1,9,1
889.9,9,1,9,1
890.9,9,1,9,1
891.9,9,1,9,1
892.9,9,1,9,1
893.9,9,1,9,1
894.9,9,1,9,1
895.9,9,1,9,1
896.9,9,1,9,1
897.9,9,1,9,1
898.9,9,1,9,1
899.9,9,1,9,1
900.9,9,1,9,1
901.9,9,1,9,1
902.9,9,1,9,1
903.9,9,1,9,1
904.9,9,1,9,1
905.9,9,1,9,1
906.9,9,1,9,1
907.9,9,1,9,1
908.9,9,1,9,1
909.9,9,1,9,1
910.9,9,1,9,1
911.9,9,1,9,1
912.9,9,1,9,1
913.9,9,1,9,1
914.9,9,1,9,1
915.9,9,1,9,1
916.9,9,1,9,1
917.9,9,1,9,1
918.9,9,1,9,1
919.9,9,1,9,1
920.9,9,1,9,1
921.9,9,1,9,1
922.9,9,1,9,1
923.9,9,1,9,1
924.9,9,1,9,1
925.9,9,1,9,1
926.9,9,1,9,1
927.9,9,1,9,1
928.9,9,1,9,1
929.9,9,1,9,1
930.9,9,1,9,1
931.9,9,1,9,1
932.9,9,1,9,1
933.9,9,1,9,1
934.9,9,1,9,1
935.9,9,1,9,1
936.9,9,1,9,1
937.9,9,1,9,1
938.9,9,1,9,1
939.9,9,1,9,1
940.9,9,1,9,1
941.9,9,1,9,1
942.9,9,1,9,1
943.9,9,1,9,1
944.9,9,1,9,1
945.9,9,1,9,1
946.9,9,1,9,1
947.9,9,1,9,1
948.9,9,1,9,1
949.9,9,1,9,1
950.9,9,1,9,1
951.9,9,1,9,1
952.9,9,1,9,1
953.9,9,1,9,1
954.9,9,1,9,1
955.9,9,1,9,1
956.9,9,1,9,1
957.9,9,1,9,1
958.9,9,1,9,1
959.9,9,1,9,1
960.9,9,1,9,1
961.9,9,1,9,1
962.9,9,1,9,1
963.9,9,1,9,1
964.9,9,1,9,1
965.9,9,1,9,1
966.9,9,1,9,1
967.9,9,1,9,1
968.9,9,1,9,1
969.9,9,1,9,1
970.9,9,1,9,1
971.9,9,1,9,1
972.9,9,1,9,1
973.9,9,1,9,1
974.9,9,1,9,1
975.9,9,1,9,1
976.9,9,1,9,1
977.9,9,1,9,1
978.9,9,1,9,1
979.9,9,1,9,1
980.9,9,1,9,1
981.9,9,1,9,1
982.9,9,1,9,1
983.9,9,1,9,1
984.9,9,1,9,1
985.9,9,1,9,1
986.9,9,1,9,1
987.9,9,1,9,1
988.9,9,1,9,1
989.9,9,1,9,1
990.9,9,1,9,1
991.9,9,1,9,1
992.9,9,1,9,1
993.9,9,1,9,1
994.9,9,1,9,1
995.9,9,1,9,1
996.9,9,1,9,1
997.9,9,1,9,1
998.9,9,1,9,1
999.9,9,1,9,1
1000.9,9,1,9,1
1001.9,9,1,9,1
1002.9,9,1,9,1
1003.9,9,1,9,1
1004.9,9,1,9,1
1005.9,9,1,9,1
1006.9,9,1,9,1
1007.9,9,1,9,1
1008.9,9,1,9,1
1009.9,9,1,9,1
1010.9,9,1,9,1
1011.9,9,1,9,1
1012.9,9,1,9,1
1013.9,9,1,9,1
1014.9,9,1,9,1
1015.9,9,1,9,1
1016.9,9,1,9,1
1017.9,9,1,9,1
1018.9,9,1,9,1
