time,class,class_prop,class_rel,class_prop_rel
177.56,1,1,1,0.960199004975124
178.56,1,1,1,1
179.56,1,1,1,1
180.56,1,1,1,1
181.56,1,1,1,1
182.56,1,1,1,1
183.56,1,1,1,1
184.56,1,1,1,1
185.56,1,1,1,1
186.56,1,1,1,1
187.56,1,1,1,1
188.56,1,1,1,1
189.56,1,1,1,1
190.56,1,1,1,1
191.56,1,1,1,1
192.56,1,1,1,1
193.56,1,0.82089552238806,1,1
194.56,1,0.751243781094527,1,1
195.56,1,0.751243781094527,1,1
196.56,1,0.751243781094527,1,1
197.56,1,0.925373134328358,1,1
198.56,1,1,1,1
199.56,1,1,1,1
200.56,1,1,1,1
201.56,1,1,1,1
202.56,1,1,1,1
203.56,1,1,1,1
204.56,1,1,1,1
205.56,1,1,1,1
206.56,1,1,1,1
207.56,1,1,1,1
208.56,1,1,1,1
209.56,1,1,1,1
210.56,1,1,1,1
211.56,1,1,1,1
212.56,1,1,1,1
213.56,1,1,1,1
214.56,1,1,1,1
215.56,1,1,1,1
216.56,1,1,1,1
217.56,1,0.940298507462687,1,0.930348258706468
218.56,1,0.691542288557214,1,0.681592039800995
219.56,2,0.557213930348259,2,0.567164179104478
220.56,2,0.805970149253731,2,0.81592039800995
221.56,2,1,2,1
222.56,2,1,2,1
223.56,2,1,2,1
224.56,2,0.791044776119403,2,0.791044776119403
225.56,2,0.54228855721393,2,0.54228855721393
226.56,1,0.706467661691542,1,0.706467661691542
227.56,1,0.955223880597015,1,0.955223880597015
228.56,1,1,1,1
229.56,1,1,1,1
230.56,1,1,1,1
231.56,1,1,1,1
232.56,1,1,1,1
233.56,1,1,1,1
234.56,1,1,1,1
235.56,1,0.90547263681592,1,0.920398009950249
236.56,1,0.656716417910448,1,0.671641791044776
237.56,2,0.54726368159204,2,0.532338308457711
238.56,2,0.54726368159204,2,0.532338308457711
239.56,1,0.54228855721393,1,0.54228855721393
240.56,1,0.791044776119403,1,0.791044776119403
241.56,1,1,1,1
242.56,1,1,1,1
243.56,1,1,1,1
244.56,1,1,1,1
245.56,1,1,1,1
246.56,1,0.805970149253731,1,0.805970149253731
247.56,1,0.616915422885572,1,0.611940298507463
248.56,1,0.616915422885572,1,0.611940298507463
249.56,1,0.616915422885572,1,0.611940298507463
250.56,1,0.805970149253731,1,0.800995024875622
251.56,1,1,1,1
252.56,1,1,1,1
253.56,1,1,1,1
254.56,1,0.830845771144279,1,0.835820895522388
255.56,1,0.582089552238806,1,0.587064676616915
256.56,2,0.666666666666667,2,0.661691542288557
257.56,2,0.691542288557214,2,0.696517412935323
258.56,2,0.527363184079602,2,0.537313432835821
259.56,1,0.721393034825871,1,0.711442786069652
260.56,1,0.970149253731343,1,0.960199004975124
261.56,1,0.880597014925373,1,0.985074626865672
262.56,1,0.631840796019901,1,0.736318407960199
263.56,1,0.517412935323383,1,0.63681592039801
264.56,1,0.517412935323383,1,0.63681592039801
265.56,1,0.631840796019901,1,0.646766169154229
266.56,1,0.880597014925373,1,0.895522388059702
267.56,1,0.955223880597015,1,0.960199004975124
268.56,1,0.706467661691542,1,0.711442786069652
269.56,2,0.54228855721393,2,0.537313432835821
270.56,2,0.791044776119403,2,0.786069651741294
271.56,2,1,2,1
272.56,2,1,2,1
273.56,2,0.771144278606965,2,0.796019900497512
274.56,2,0.522388059701492,2,0.54726368159204
275.56,1,0.72636815920398,1,0.701492537313433
276.56,1,0.975124378109453,1,0.950248756218905
277.56,1,1,1,0.950248756218905
278.56,1,1,1,0.701492537313433
279.56,1,1,1,0.601990049751244
280.56,1,1,1,0.601990049751244
281.56,1,1,1,0.646766169154229
282.56,1,1,1,0.895522388059702
283.56,1,1,1,1
284.56,1,1,1,1
285.56,1,1,1,1
286.56,1,1,1,0.980099502487562
287.56,1,1,1,0.73134328358209
288.56,1,1,2,0.517412935323383
289.56,1,1,2,0.766169154228856
290.56,1,1,2,1
291.56,1,1,2,1
292.56,1,1,2,1
293.56,1,1,2,1
294.56,1,1,2,1
295.56,1,1,2,1
296.56,1,1,2,1
297.56,1,1,2,1
298.56,1,1,2,1
299.56,1,1,2,1
300.56,1,1,2,1
301.56,1,1,2,1
302.56,1,1,2,1
303.56,1,1,2,1
304.56,1,1,2,1
305.56,1,1,2,1
306.56,1,1,2,1
307.56,1,1,2,1
308.56,1,1,2,1
309.56,1,1,2,1
310.56,1,1,2,1
311.56,1,1,2,1
312.56,1,1,2,1
313.56,1,1,2,1
314.56,1,1,2,1
315.56,1,1,2,1
316.56,1,1,2,1
317.56,1,1,2,1
318.56,1,1,2,1
319.56,1,1,2,1
320.56,1,1,2,1
321.56,1,1,2,1
322.56,1,1,2,1
323.56,1,1,2,1
324.56,1,0.900497512437811,2,1
325.56,1,0.651741293532338,2,1
326.56,2,0.597014925373134,2,1
327.56,2,0.845771144278607,2,0.975124378109453
328.56,2,1,2,0.72636815920398
329.56,2,1,2,0.582089552238806
330.56,2,1,2,0.582089552238806
331.56,2,1,2,0.601990049751244
332.56,2,0.845771144278607,2,0.850746268656716
333.56,2,0.597014925373134,2,0.850746268656716
334.56,1,0.651741293532338,2,0.601990049751244
335.56,1,0.900497512437811,1,0.646766169154229
336.56,1,1,1,0.895522388059702
337.56,1,1,1,1
338.56,1,1,1,1
339.56,1,1,1,1
340.56,1,1,1,1
341.56,1,1,1,1
342.56,1,1,1,1
343.56,1,1,1,1
344.56,1,1,1,1
345.56,1,1,1,1
346.56,1,1,1,0.855721393034826
347.56,1,1,1,0.791044776119403
348.56,1,1,1,0.791044776119403
349.56,1,1,1,0.791044776119403
350.56,1,1,1,0.930348258706468
351.56,1,1,1,1
352.56,1,1,1,1
353.56,1,1,1,1
354.56,1,1,1,1
355.56,1,1,1,1
356.56,1,0.980099502487562,1,0.975124378109453
357.56,1,0.915422885572139,1,0.915422885572139
358.56,1,0.915422885572139,1,0.915422885572139
359.56,1,0.915422885572139,1,0.915422885572139
360.56,1,0.930348258706468,1,0.935323383084577
361.56,1,1,1,1
362.56,1,1,1,1
363.56,1,1,1,1
364.56,1,1,1,1
365.56,1,1,1,1
366.56,1,1,1,1
367.56,1,1,1,1
368.56,1,1,1,1
369.56,1,1,1,1
370.56,1,1,1,1
371.56,1,1,1,1
372.56,1,1,1,1
373.56,1,1,1,0.865671641791045
374.56,1,0.840796019900497,1,0.616915422885572
375.56,1,0.592039800995025,2,0.631840796019901
376.56,1,0.54726368159204,2,0.880597014925373
377.56,1,0.54726368159204,2,0.840796019900497
378.56,1,0.701492537313433,2,0.592039800995025
379.56,1,0.950248756218905,1,0.656716417910448
380.56,1,1,1,0.90547263681592
381.56,1,1,1,1
382.56,1,1,1,0.850746268656716
383.56,1,0.885572139303483,1,0.601990049751244
384.56,1,0.63681592039801,2,0.646766169154229
385.56,2,0.611940298507463,2,0.895522388059702
386.56,2,0.860696517412935,2,1
387.56,2,1,2,1
388.56,2,1,2,1
389.56,2,1,2,1
390.56,2,1,2,1
391.56,2,1,2,1
392.56,2,1,2,1
393.56,2,1,2,1
394.56,2,1,2,1
395.56,2,1,2,1
396.56,2,1,2,1
397.56,2,1,2,1
398.56,2,1,2,1
399.56,2,1,2,1
400.56,2,1,2,1
401.56,2,1,2,1
402.56,2,1,2,1
403.56,2,1,2,1
404.56,2,1,2,1
405.56,2,1,2,1
406.56,2,1,2,1
407.56,2,1,2,1
408.56,2,1,2,1
409.56,2,1,2,0.840796019900497
410.56,2,1,2,0.592039800995025
411.56,2,1,1,0.656716417910448
412.56,2,1,1,0.90547263681592
413.56,2,1,1,1
414.56,2,1,1,1
415.56,2,1,1,1
416.56,2,1,1,1
417.56,2,1,1,1
418.56,2,1,1,1
419.56,2,1,1,1
420.56,2,1,1,1
421.56,2,1,1,1
422.56,2,0.776119402985075,1,0.810945273631841
423.56,2,0.527363184079602,1,0.562189054726368
424.56,3,0.721393034825871,3,0.686567164179104
425.56,3,0.970149253731343,3,0.935323383084577
426.56,3,1,3,1
427.56,3,1,3,1
428.56,3,0.885572139303483,3,0.825870646766169
429.56,3,0.63681592039801,3,0.577114427860697
430.56,1,0.611940298507463,1,0.671641791044776
431.56,1,0.860696517412935,1,0.920398009950249
432.56,1,1,1,1
433.56,1,1,1,1
434.56,1,1,1,1
435.56,1,0.840796019900497,1,1
436.56,1,0.701492537313433,1,1
437.56,1,0.701492537313433,1,1
438.56,1,0.701492537313433,1,1
439.56,1,0.855721393034826,1,1
440.56,1,1,1,1
441.56,1,1,1,1
442.56,1,0.885572139303483,1,0.875621890547264
443.56,1,0.63681592039801,1,0.626865671641791
444.56,7,0.582089552238806,1,0.517412935323383
445.56,7,0.582089552238806,1,0.517412935323383
446.56,1,0.527363184079602,1,0.63681592039801
447.56,1,0.776119402985075,1,0.885572139303483
448.56,1,1,1,1
449.56,1,1,1,1
450.56,1,1,1,1
451.56,1,1,1,1
452.56,1,1,1,1
453.56,1,1,1,1
454.56,1,1,1,1
455.56,1,1,1,1
456.56,1,1,1,1
457.56,1,1,1,1
458.56,1,1,1,1
459.56,1,1,1,1
460.56,1,1,1,1
461.56,1,1,1,1
462.56,1,1,1,1
463.56,1,1,1,1
464.56,1,1,1,1
465.56,1,1,1,1
466.56,1,1,1,1
467.56,1,1,1,1
468.56,1,1,1,1
469.56,1,1,1,1
470.56,1,1,1,1
471.56,1,1,1,1
472.56,1,1,1,1
473.56,1,1,1,1
474.56,1,1,1,1
475.56,1,1,1,1
476.56,1,1,1,1
477.56,1,1,1,1
478.56,1,1,1,1
479.56,1,1,1,1
480.56,1,1,1,1
481.56,1,1,1,1
482.56,1,1,1,1
483.56,1,1,1,1
484.56,1,1,1,1
485.56,1,1,1,1
486.56,1,1,1,1
487.56,1,1,1,1
488.56,1,1,1,1
489.56,1,1,1,1
490.56,1,1,1,1
491.56,1,1,1,1
492.56,1,1,1,1
493.56,1,1,1,1
494.56,1,1,1,1
495.56,1,1,1,1
496.56,1,1,1,1
497.56,1,1,1,1
498.56,1,1,1,1
499.56,1,1,1,1
500.56,1,1,1,0.90547263681592
501.56,1,0.805970149253731,1,0.656716417910448
502.56,1,0.557213930348259,2,0.592039800995025
503.56,2,0.691542288557214,2,0.840796019900497
504.56,2,0.940298507462687,2,1
505.56,2,1,2,1
506.56,2,1,2,1
507.56,2,0.761194029850746,2,0.761194029850746
508.56,2,0.512437810945274,2,0.512437810945274
509.56,1,0.736318407960199,1,0.736318407960199
510.56,1,0.985074626865672,1,0.985074626865672
511.56,1,1,1,1
512.56,1,1,1,1
513.56,1,1,1,1
514.56,1,0.940298507462687,1,0.940298507462687
515.56,1,0.691542288557214,1,0.691542288557214
516.56,2,0.557213930348259,2,0.557213930348259
517.56,2,0.626865671641791,2,0.676616915422886
518.56,2,0.572139303482587,2,0.621890547263682
519.56,1,0.676616915422886,1,0.626865671641791
520.56,1,0.925373134328358,1,0.875621890547264
521.56,1,1,1,1
522.56,1,1,1,1
523.56,1,1,1,1
524.56,1,1,1,1
525.56,1,0.925373134328358,1,0.935323383084577
526.56,1,0.676616915422886,1,0.686567164179104
527.56,2,0.572139303482587,2,0.562189054726368
528.56,2,0.82089552238806,2,0.810945273631841
529.56,2,1,2,1
530.56,2,1,2,1
531.56,2,1,2,1
532.56,2,1,2,1
533.56,2,0.82089552238806,2,0.796019900497512
534.56,2,0.572139303482587,2,0.54726368159204
535.56,1,0.641791044776119,1,0.661691542288557
536.56,1,0.641791044776119,1,0.661691542288557
537.56,2,0.532338308457711,2,0.537313432835821
538.56,2,0.781094527363184,2,0.786069651741294
539.56,2,1,2,1
540.56,2,1,2,1
541.56,2,1,2,1
542.56,2,1,2,1
543.56,2,1,2,1
544.56,2,1,2,1
545.56,2,1,2,1
546.56,2,1,2,1
547.56,2,1,2,1
548.56,2,1,2,1
549.56,2,0.756218905472637,2,0.751243781094527
550.56,2,0.507462686567164,2,0.502487562189055
551.56,1,0.741293532338308,1,0.746268656716418
552.56,1,0.990049751243781,1,0.995024875621891
553.56,1,1,1,1
554.56,1,0.800995024875622,1,0.791044776119403
555.56,1,0.552238805970149,1,0.54228855721393
556.56,2,0.696517412935323,2,0.706467661691542
557.56,2,0.945273631840796,2,0.955223880597015
558.56,2,1,2,1
559.56,2,1,2,1
560.56,2,1,2,1
561.56,2,1,2,1
562.56,2,1,2,1
563.56,2,1,2,1
564.56,2,1,2,1
565.56,2,1,2,1
566.56,2,1,2,1
567.56,2,1,2,1
568.56,2,1,2,1
569.56,2,1,2,1
570.56,2,1,2,0.786069651741294
571.56,2,1,2,0.537313432835821
572.56,2,1,3,0.711442786069652
573.56,2,1,3,0.930348258706468
574.56,2,1,3,0.721393034825871
575.56,2,1,7,0.527363184079602
576.56,2,0.960199004975124,7,0.776119402985075
577.56,2,0.711442786069652,7,1
578.56,7,0.537313432835821,7,1
579.56,7,0.786069651741294,7,1
580.56,7,1,7,1
581.56,7,1,7,1
582.56,7,1,7,1
583.56,7,1,7,1
584.56,7,1,7,1
585.56,7,1,7,1
586.56,7,1,7,1
587.56,7,1,7,0.995024875621891
588.56,7,0.756218905472637,7,0.746268656716418
589.56,7,0.507462686567164,1,0.502487562189055
590.56,1,0.378109452736318,1,0.751243781094527
591.56,1,0.626865671641791,1,1
592.56,1,0.656716417910448,1,1
593.56,1,0.90547263681592,1,1
594.56,1,1,1,1
595.56,1,1,1,1
596.56,1,1,1,1
597.56,1,0.970149253731343,1,1
598.56,1,0.721393034825871,1,0.771144278606965
599.56,6,0.527363184079602,1,0.522388059701492
600.56,6,0.776119402985075,5,0.72636815920398
601.56,6,1,5,0.975124378109453
602.56,6,0.810945273631841,5,1
603.56,6,0.706467661691542,5,0.825870646766169
604.56,6,0.706467661691542,5,0.577114427860697
605.56,6,0.706467661691542,6,0.671641791044776
606.56,6,0.890547263681592,6,0.920398009950249
607.56,6,1,6,1
608.56,6,1,6,1
609.56,6,1,6,1
610.56,6,1,6,1
611.56,6,1,6,1
612.56,6,1,6,1
613.56,6,1,6,1
614.56,6,1,6,1
615.56,6,1,6,1
616.56,6,1,6,1
617.56,6,1,6,1
618.56,6,1,6,1
619.56,6,1,6,1
620.56,6,1,6,1
621.56,6,1,6,1
622.56,6,1,6,1
623.56,6,1,6,1
624.56,6,1,6,1
625.56,6,1,6,1
626.56,6,1,6,1
627.56,6,1,6,1
628.56,6,1,6,1
629.56,6,1,6,1
630.56,6,1,6,1
631.56,6,1,6,1
632.56,6,1,6,1
633.56,6,1,6,1
634.56,6,1,6,1
635.56,6,1,6,1
636.56,6,1,6,1
637.56,6,1,6,1
638.56,6,1,6,1
639.56,6,1,6,1
640.56,6,1,6,1
641.56,6,1,6,1
642.56,6,1,6,1
643.56,6,1,6,1
644.56,6,1,6,1
645.56,6,1,6,1
646.56,6,1,6,1
647.56,6,1,6,1
648.56,6,1,6,1
649.56,6,1,6,1
650.56,6,1,6,1
651.56,6,1,6,1
652.56,6,1,6,1
653.56,6,1,6,1
654.56,6,1,6,1
655.56,6,1,6,1
656.56,6,1,6,1
657.56,6,1,6,1
658.56,6,1,6,1
659.56,6,1,6,1
660.56,6,1,6,1
661.56,6,1,6,1
662.56,6,1,6,1
663.56,6,1,6,1
664.56,6,1,6,1
665.56,6,1,6,1
666.56,6,1,6,1
667.56,6,1,6,1
668.56,6,1,6,1
669.56,6,1,6,1
670.56,6,1,6,1
671.56,6,1,6,1
672.56,6,1,6,1
673.56,6,1,6,1
674.56,6,1,6,1
675.56,6,1,6,1
676.56,6,1,6,1
677.56,6,1,6,1
678.56,6,1,6,1
679.56,6,1,6,1
680.56,6,1,6,1
681.56,6,1,6,1
682.56,6,1,6,1
683.56,6,1,6,1
684.56,6,1,6,1
685.56,6,1,6,1
686.56,6,1,6,1
687.56,6,1,6,1
688.56,6,1,6,1
689.56,6,1,6,1
690.56,6,1,6,1
691.56,6,1,6,1
692.56,6,1,6,1
693.56,6,1,6,1
694.56,6,1,6,1
695.56,6,0.995024875621891,6,0.995024875621891
696.56,6,0.746268656716418,6,0.746268656716418
697.56,5,0.502487562189055,5,0.502487562189055
698.56,5,0.751243781094527,5,0.751243781094527
699.56,5,1,5,1
700.56,5,1,5,1
701.56,5,1,5,1
702.56,5,1,5,1
703.56,5,1,5,1
704.56,5,1,5,1
705.56,5,1,5,1
706.56,5,1,5,1
707.56,5,1,5,1
708.56,5,1,5,1
709.56,5,1,5,1
710.56,5,1,5,1
711.56,5,1,5,1
712.56,5,1,5,1
713.56,5,1,5,1
714.56,5,1,5,1
715.56,5,1,5,1
716.56,5,1,5,1
717.56,5,1,5,1
718.56,5,1,5,1
719.56,5,1,5,1
720.56,5,1,5,1
721.56,5,1,5,1
722.56,5,1,5,1
723.56,5,1,5,1
724.56,5,1,5,1
725.56,5,1,5,1
726.56,5,1,5,1
727.56,5,1,5,1
728.56,5,1,5,1
729.56,5,1,5,1
730.56,5,1,5,1
731.56,5,1,5,1
732.56,5,1,5,1
733.56,5,1,5,1
734.56,5,1,5,1
735.56,5,1,5,1
736.56,5,1,5,1
737.56,5,1,5,1
738.56,5,1,5,1
739.56,5,1,5,1
740.56,5,1,5,1
741.56,5,1,5,1
742.56,5,1,5,1
743.56,5,1,5,1
744.56,5,1,5,1
745.56,5,1,5,1
746.56,5,1,5,1
747.56,5,1,5,1
748.56,5,1,5,1
749.56,5,1,5,1
750.56,5,1,5,1
751.56,5,1,5,1
752.56,5,1,5,1
753.56,5,1,5,1
754.56,5,1,5,1
755.56,5,1,5,1
756.56,5,1,5,1
757.56,5,1,5,1
758.56,5,1,5,1
759.56,5,1,5,1
760.56,5,1,5,1
761.56,5,1,5,1
762.56,5,1,5,1
763.56,5,1,5,1
764.56,5,1,5,1
765.56,5,1,5,1
766.56,5,1,5,1
767.56,5,1,5,1
768.56,5,1,5,1
769.56,5,1,5,1
770.56,5,1,5,1
771.56,5,1,5,0.81592039800995
772.56,5,1,5,0.567164179104478
773.56,5,1,6,0.681592039800995
774.56,5,1,6,0.930348258706468
775.56,5,1,6,0.776119402985075
776.56,5,1,6,0.527363184079602
777.56,5,1,5,0.721393034825871
778.56,5,1,5,0.970149253731343
779.56,5,1,5,1
780.56,5,1,5,1
781.56,5,1,5,1
782.56,5,1,5,1
783.56,5,1,5,1
784.56,5,1,5,1
785.56,5,1,5,1
786.56,5,1,5,1
787.56,5,1,5,1
788.56,5,1,5,1
789.56,5,1,5,1
790.56,5,1,5,1
791.56,5,1,5,1
792.56,5,1,5,1
793.56,5,1,5,1
794.56,5,1,5,1
795.56,5,1,5,1
796.56,5,1,5,1
797.56,5,1,5,1
798.56,5,1,5,1
799.56,5,1,5,1
800.56,5,1,5,1
801.56,5,1,5,1
802.56,5,1,5,1
803.56,5,1,5,1
804.56,5,1,5,1
805.56,5,1,5,1
806.56,5,1,5,1
807.56,5,1,5,1
808.56,5,1,5,1
809.56,5,1,5,1
810.56,5,1,5,1
811.56,5,1,5,1
812.56,5,1,5,1
813.56,5,1,5,1
814.56,5,1,5,1
815.56,5,1,5,1
816.56,5,1,5,1
817.56,5,1,5,1
818.56,5,1,5,1
819.56,5,1,5,1
820.56,5,1,5,1
821.56,5,1,5,1
822.56,5,1,5,1
823.56,5,1,5,1
824.56,5,1,5,1
825.56,5,1,5,1
826.56,5,1,5,1
827.56,5,1,5,1
828.56,5,1,5,1
829.56,5,1,5,1
830.56,5,1,5,1
831.56,5,1,5,1
832.56,5,1,5,1
833.56,5,1,5,1
834.56,5,1,5,1
835.56,5,1,5,1
836.56,5,1,5,1
837.56,5,1,5,1
838.56,5,1,5,1
839.56,5,1,5,1
840.56,5,1,5,1
841.56,5,1,5,1
842.56,5,1,5,1
843.56,5,1,5,1
844.56,5,1,5,1
845.56,5,1,5,1
846.56,5,1,5,1
847.56,5,1,5,1
848.56,5,0.945273631840796,5,0.945273631840796
849.56,5,0.696517412935323,5,0.696517412935323
850.56,9,0.552238805970149,9,0.552238805970149
851.56,9,0.800995024875622,9,0.800995024875622
852.56,9,1,9,1
853.56,9,1,9,1
854.56,9,1,9,1
855.56,9,1,9,1
856.56,9,1,9,1
857.56,9,1,9,1
858.56,9,1,9,1
859.56,9,1,9,1
860.56,9,1,9,1
861.56,9,1,9,1
862.56,9,1,9,1
863.56,9,1,9,1
864.56,9,1,9,1
865.56,9,1,9,1
866.56,9,1,9,1
867.56,9,1,9,1
868.56,9,1,9,1
869.56,9,1,9,1
870.56,9,1,9,1
871.56,9,1,9,1
872.56,9,1,9,1
873.56,9,1,9,1
874.56,9,1,9,1
875.56,9,1,9,1
876.56,9,1,9,1
877.56,9,1,9,1
878.56,9,1,9,1
879.56,9,1,9,1
880.56,9,1,9,1
881.56,9,1,9,1
882.56,9,1,9,1
883.56,9,1,9,1
884.56,9,1,9,1
885.56,9,1,9,1
886.56,9,1,9,1
887.56,9,1,9,1
888.56,9,1,9,1
889.56,9,1,9,1
890.56,9,1,9,1
891.56,9,1,9,1
892.56,9,1,9,1
893.56,9,1,9,1
894.56,9,1,9,1
895.56,9,1,9,1
896.56,9,1,9,1
897.56,9,1,9,1
898.56,9,1,9,1
899.56,9,1,9,1
900.56,9,1,9,1
901.56,9,1,9,1
902.56,9,1,9,1
903.56,9,1,9,1
904.56,9,1,9,1
905.56,9,1,9,1
906.56,9,1,9,1
907.56,9,1,9,1
908.56,9,1,9,1
909.56,9,1,9,1
910.56,9,1,9,1
911.56,9,1,9,1
912.56,9,1,9,1
913.56,9,1,9,1
914.56,9,1,9,1
915.56,9,1,9,1
916.56,9,1,9,1
917.56,9,1,9,1
918.56,9,1,9,1
919.56,9,1,9,1
920.56,9,1,9,1
921.56,9,1,9,1
922.56,9,1,9,1
923.56,9,1,9,1
924.56,9,1,9,1
925.56,9,1,9,1
926.56,9,1,9,1
927.56,9,1,9,1
928.56,9,1,9,1
929.56,9,1,9,1
930.56,9,1,9,1
931.56,9,1,9,1
932.56,9,1,9,1
933.56,9,1,9,1
934.56,9,1,9,1
935.56,9,1,9,1
936.56,9,1,9,1
937.56,9,1,9,1
938.56,9,1,9,1
939.56,9,1,9,1
940.56,9,1,9,1
941.56,9,1,9,1
942.56,9,1,9,1
943.56,9,1,9,1
944.56,9,1,9,1
945.56,9,1,9,1
946.56,9,1,9,1
947.56,9,1,9,1
948.56,9,1,9,1
949.56,9,1,9,1
950.56,9,1,9,1
951.56,9,1,9,1
952.56,9,1,9,1
953.56,9,1,9,1
954.56,9,1,9,1
955.56,9,1,9,1
956.56,9,1,9,1
957.56,9,1,9,1
958.56,9,1,9,1
959.56,9,1,9,1
960.56,9,1,9,1
961.56,9,1,9,1
962.56,9,1,9,1
963.56,9,1,9,1
964.56,9,1,9,1
965.56,9,1,9,1
966.56,9,1,9,1
967.56,9,1,9,1
968.56,9,1,9,1
969.56,9,1,9,1
970.56,9,1,9,1
971.56,9,1,9,1
972.56,9,1,9,1
973.56,9,1,9,1
974.56,9,1,9,1
975.56,9,1,9,1
976.56,9,1,9,1
977.56,9,1,9,1
978.56,9,1,9,1
979.56,9,1,9,1
980.56,9,1,9,1
981.56,9,1,9,1
982.56,9,1,9,1
983.56,9,1,9,1
984.56,9,1,9,1
985.56,9,1,9,1
986.56,9,1,9,1
987.56,9,1,9,1
988.56,9,1,9,1
989.56,9,1,9,1
990.56,9,1,9,1
991.56,9,1,9,1
992.56,9,1,9,1
993.56,9,1,9,1
994.56,9,1,9,1
995.56,9,1,9,1
996.56,9,1,9,1
997.56,9,1,9,1
998.56,9,1,9,1
999.56,9,1,9,1
1000.56,9,1,9,1
1001.56,9,1,9,1
1002.56,9,1,9,1
1003.56,9,1,9,1
1004.56,9,1,9,1
1005.56,9,1,9,1
1006.56,9,1,9,1
1007.56,9,1,9,1
1008.56,9,1,9,1
1009.56,9,1,9,1
1010.56,9,1,9,1
1011.56,9,1,9,1
1012.56,9,1,9,1
1013.56,9,1,9,1
1014.56,9,1,9,1
1015.56,9,1,9,1
1016.56,9,1,9,1
1017.56,9,1,9,1
1018.56,9,1,9,1
1019.56,9,1,9,1
1020.56,9,1,9,1
1021.56,9,1,9,1
1022.56,9,1,9,1
1023.56,9,1,9,1
1024.56,9,1,9,1
1025.56,9,1,9,1
1026.56,9,1,9,1
1027.56,9,1,9,1
1028.56,9,1,9,1
1029.56,9,1,9,1
1030.56,9,1,9,1
1031.56,9,1,9,1
1032.56,9,1,9,1
1033.56,9,1,9,1
1034.56,9,1,9,1
1035.56,9,1,9,1
1036.56,9,1,9,1
1037.56,9,1,9,1
1038.56,9,1,9,1
1039.56,9,1,9,1
1040.56,9,1,9,1
1041.56,9,1,9,0.880597014925373
1042.56,9,0.840796019900497,9,0.631840796019901
1043.56,9,0.592039800995025,2,0.616915422885572
1044.56,2,0.656716417910448,2,0.865671641791045
1045.56,2,0.90547263681592,2,1
1046.56,2,1,2,1
1047.56,2,1,2,0.825870646766169
1048.56,2,1,2,0.577114427860697
1049.56,2,1,1,0.671641791044776
1050.56,2,1,1,0.915422885572139
1051.56,2,1,1,0.746268656716418
1052.56,2,1,3,0.502487562189055
1053.56,2,0.855721393034826,3,0.562189054726368
1054.56,2,0.606965174129353,3,0.562189054726368
1055.56,1,0.641791044776119,2,0.383084577114428
1056.56,1,0.890547263681592,1,0.552238805970149
1057.56,1,1,1,0.616915422885572
1058.56,1,1,1,0.845771144278607
1059.56,1,1,1,1
1060.56,1,1,1,1
1061.56,1,0.791044776119403,1,0.766169154228856
1062.56,1,0.54228855721393,1,0.517412935323383
1063.56,7,0.706467661691542,7,0.73134328358209
1064.56,7,0.955223880597015,7,0.980099502487562
1065.56,7,1,7,1
1066.56,7,1,7,1
1067.56,7,1,7,1
1068.56,7,1,7,1
1069.56,7,1,7,1
1070.56,7,1,7,1
1071.56,7,1,7,1
1072.56,7,1,7,1
1073.56,7,1,7,1
1074.56,7,1,7,1
1075.56,7,1,7,1
1076.56,7,1,7,1
1077.56,7,1,7,1
1078.56,7,1,7,1
1079.56,7,1,7,1
1080.56,7,1,7,1
1081.56,7,1,7,1
1082.56,7,1,7,1
1083.56,7,1,7,1
1084.56,7,1,7,1
1085.56,7,1,7,1
1086.56,7,1,7,1
1087.56,7,1,7,1
1088.56,7,1,7,1
1089.56,7,1,7,1
1090.56,7,1,7,1
1091.56,7,1,7,1
1092.56,7,1,7,1
1093.56,7,1,7,1
1094.56,7,1,7,1
1095.56,7,1,7,1
1096.56,7,1,7,1
1097.56,7,1,7,1
1098.56,7,1,7,1
1099.56,7,1,7,1
1100.56,7,1,7,1
1101.56,7,1,7,1
1102.56,7,1,7,0.855721393034826
1103.56,7,0.776119402985075,7,0.606965174129353
1104.56,7,0.527363184079602,2,0.45771144278607
1105.56,2,0.537313432835821,2,0.507462686567164
1106.56,2,0.537313432835821,2,0.507462686567164
1107.56,1,0.681592039800995,1,0.696517412935323
1108.56,1,0.930348258706468,1,0.945273631840796
1109.56,1,1,1,1
1110.56,1,1,1,1
1111.56,1,0.940298507462687,1,0.955223880597015
1112.56,1,0.691542288557214,1,0.746268656716418
1113.56,1,0.651741293532338,1,0.746268656716418
1114.56,1,0.651741293532338,1,0.746268656716418
1115.56,1,0.706467661691542,1,0.786069651741294
1116.56,1,0.955223880597015,1,0.955223880597015
1117.56,1,0.751243781094527,1,0.706467661691542
1118.56,1,0.502487562189055,7,0.54228855721393
1119.56,7,0.746268656716418,7,0.791044776119403
1120.56,7,0.995024875621891,7,1
1121.56,7,1,7,1
1122.56,7,1,7,1
1123.56,7,1,7,1
1124.56,7,1,7,1
1125.56,7,1,7,1
1126.56,7,1,7,1
1127.56,7,1,7,1
1128.56,7,1,7,1
1129.56,7,1,7,1
1130.56,7,1,7,1
1131.56,7,1,7,1
1132.56,7,1,7,1
1133.56,7,1,7,1
1134.56,7,1,7,1
1135.56,7,1,7,1
1136.56,7,1,7,1
1137.56,7,1,7,1
1138.56,7,1,7,1
1139.56,7,1,7,1
1140.56,7,1,7,1
1141.56,7,1,7,1
1142.56,7,1,7,1
1143.56,7,1,7,1
1144.56,7,1,7,1
1145.56,7,1,7,1
1146.56,7,1,7,1
1147.56,7,1,7,1
1148.56,7,1,7,1
1149.56,7,1,7,1
1150.56,7,1,7,1
1151.56,7,1,7,1
1152.56,7,1,7,1
1153.56,7,1,7,1
1154.56,7,1,7,1
1155.56,7,1,7,1
1156.56,7,1,7,1
1157.56,7,1,7,1
1158.56,7,1,7,1
1159.56,7,1,7,1
1160.56,7,1,7,1
1161.56,7,1,7,1
1162.56,7,1,7,1
1163.56,7,1,7,1
1164.56,7,1,7,1
1165.56,7,1,7,1
1166.56,7,1,7,1
1167.56,7,1,7,1
1168.56,7,1,7,1
1169.56,7,1,7,1
1170.56,7,1,7,1
1171.56,7,1,7,1
1172.56,7,1,7,1
1173.56,7,1,7,1
1174.56,7,1,7,1
1175.56,7,1,7,1
1176.56,7,1,7,1
1177.56,7,1,7,1
1178.56,7,1,7,1
1179.56,7,1,7,1
1180.56,7,1,7,1
1181.56,7,1,7,1
1182.56,7,1,7,1
1183.56,7,1,7,1
1184.56,7,1,7,1
1185.56,7,1,7,1
1186.56,7,1,7,1
1187.56,7,1,7,1
1188.56,7,1,7,1
1189.56,7,1,7,1
1190.56,7,1,7,1
1191.56,7,1,7,1
1192.56,7,1,7,1
1193.56,7,1,7,1
1194.56,7,1,7,1
1195.56,7,1,7,1
1196.56,7,1,7,1
1197.56,7,1,7,1
1198.56,7,1,7,1
1199.56,7,1,7,1
1200.56,7,1,7,1
1201.56,7,1,7,1
1202.56,7,1,7,1
1203.56,7,1,7,1
1204.56,7,1,7,1
1205.56,7,1,7,1
1206.56,7,1,7,1
1207.56,7,1,7,1
1208.56,7,1,7,1
1209.56,7,1,7,1
1210.56,7,1,7,1
1211.56,7,1,7,1
1212.56,7,1,7,1
1213.56,7,1,7,1
1214.56,7,1,7,1
1215.56,7,1,7,1
1216.56,7,1,7,1
1217.56,7,1,7,1
1218.56,7,1,7,1
1219.56,7,1,7,1
1220.56,7,1,7,1
1221.56,7,1,7,1
1222.56,7,1,7,1
1223.56,7,1,7,1
1224.56,7,1,7,1
1225.56,7,1,7,1
1226.56,7,1,7,1
1227.56,7,1,7,1
1228.56,7,1,7,1
1229.56,7,1,7,1
1230.56,7,1,7,1
1231.56,7,1,7,1
1232.56,7,1,7,1
1233.56,7,1,7,1
1234.56,7,1,7,1
1235.56,7,1,7,1
1236.56,7,1,7,1
1237.56,7,1,7,1
1238.56,7,1,7,1
1239.56,7,1,7,1
1240.56,7,1,7,1
1241.56,7,1,7,1
1242.56,7,1,7,1
1243.56,7,1,7,1
1244.56,7,1,7,1
1245.56,7,1,7,1
1246.56,7,1,7,1
1247.56,7,1,7,1
1248.56,7,1,7,1
1249.56,7,1,7,1
1250.56,7,1,7,1
1251.56,7,1,7,1
1252.56,7,1,7,1
1253.56,7,1,7,1
1254.56,7,1,7,1
1255.56,7,1,7,1
1256.56,7,1,7,1
1257.56,7,1,7,1
1258.56,7,1,7,1
1259.56,7,1,7,1
1260.56,7,1,7,1
1261.56,7,1,7,1
1262.56,7,1,7,1
1263.56,7,0.825870646766169,7,1
1264.56,7,0.646766169154229,7,1
1265.56,7,0.646766169154229,7,1
1266.56,7,0.646766169154229,7,1
1267.56,7,0.81592039800995,7,1
1268.56,7,1,7,1
1269.56,7,1,7,1
1270.56,7,1,7,1
1271.56,7,1,7,1
1272.56,7,1,7,1
1273.56,7,1,7,1
1274.56,7,0.781094527363184,7,0.781094527363184
1275.56,7,0.532338308457711,7,0.532338308457711
1276.56,3,0.716417910447761,3,0.716417910447761
1277.56,3,0.965174129353234,3,0.965174129353234
1278.56,3,1,3,1
1279.56,3,1,3,1
1280.56,3,1,3,1
1281.56,3,1,3,1
1282.56,3,1,3,1
1283.56,3,1,3,1
1284.56,3,1,3,1
1285.56,3,1,3,1
1286.56,3,1,3,1
1287.56,3,1,3,1
1288.56,3,1,3,1
1289.56,3,1,3,1
1290.56,3,1,3,1
1291.56,3,0.930348258706468,3,0.980099502487562
1292.56,3,0.681592039800995,3,0.73134328358209
1293.56,1,0.497512437810945,3,0.482587064676617
1294.56,1,0.497512437810945,1,0.422885572139304
1295.56,2,0.567164179104478,2,0.592039800995025
1296.56,2,0.81592039800995,2,0.840796019900497
1297.56,2,1,2,1
1298.56,2,1,2,1
1299.56,2,1,2,1
1300.56,2,1,2,1
1301.56,2,0.776119402985075,2,0.776119402985075
1302.56,2,0.527363184079602,2,0.527363184079602
1303.56,10,0.721393034825871,10,0.721393034825871
1304.56,10,0.970149253731343,10,0.970149253731343
1305.56,10,1,10,1
1306.56,10,1,10,1
1307.56,10,1,10,1
1308.56,10,0.985074626865672,10,1
1309.56,10,0.736318407960199,10,0.810945273631841
1310.56,7,0.512437810945274,10,0.562189054726368
1311.56,7,0.761194029850746,7,0.686567164179104
1312.56,7,1,7,0.935323383084577
1313.56,7,1,7,1
1314.56,7,1,7,1
1315.56,7,1,7,1
1316.56,7,1,7,1
1317.56,7,1,7,1
1318.56,7,1,7,1
1319.56,7,1,7,1
1320.56,7,1,7,1
1321.56,7,1,7,1
1322.56,7,1,7,1
1323.56,7,1,7,1
1324.56,7,1,7,1
1325.56,7,1,7,1
1326.56,7,1,7,1
1327.56,7,1,7,1
1328.56,7,1,7,1
1329.56,7,1,7,1
1330.56,7,1,7,1
1331.56,7,1,7,1
1332.56,7,1,7,1
1333.56,7,1,7,1
1334.56,7,1,7,1
1335.56,7,1,7,1
1336.56,7,1,7,1
1337.56,7,1,7,1
1338.56,7,1,7,1
1339.56,7,1,7,1
1340.56,7,1,7,1
1341.56,7,1,7,1
1342.56,7,1,7,1
1343.56,7,1,7,1
1344.56,7,1,7,1
1345.56,7,1,7,1
1346.56,7,1,7,0.985074626865672
1347.56,7,1,7,0.736318407960199
1348.56,7,1,7,0.487562189054726
1349.56,7,1,7,0.238805970149254
