time,class,class_prop,class_rel,class_prop_rel
173.76,1,0.985074626865672,1,0.800995024875622
174.76,1,0.736318407960199,1,0.572139303482587
175.76,7,0.512437810945274,7,0.676616915422886
176.76,7,0.761194029850746,7,0.925373134328358
177.76,7,1,7,1
178.76,7,1,7,1
179.76,7,1,7,1
180.76,7,1,7,1
181.76,7,1,7,1
182.76,7,1,7,1
183.76,7,1,7,1
184.76,7,1,7,1
185.76,7,1,7,1
186.76,7,1,7,1
187.76,7,1,7,1
188.76,7,1,7,1
189.76,7,1,7,1
190.76,7,1,7,1
191.76,7,1,7,1
192.76,7,1,7,1
193.76,7,1,7,1
194.76,7,1,7,1
195.76,7,1,7,1
196.76,7,1,7,1
197.76,7,1,7,1
198.76,7,1,7,1
199.76,7,1,7,1
200.76,7,1,7,1
201.76,7,1,7,1
202.76,7,1,7,1
203.76,7,1,7,1
204.76,7,1,7,1
205.76,7,1,7,1
206.76,7,1,7,1
207.76,7,1,7,1
208.76,7,1,7,1
209.76,7,1,7,1
210.76,7,1,7,1
211.76,7,1,7,1
212.76,7,1,7,1
213.76,7,1,7,1
214.76,7,1,7,1
215.76,7,1,7,1
216.76,7,1,7,1
217.76,7,1,7,1
218.76,7,1,7,1
219.76,7,1,7,1
220.76,7,1,7,1
221.76,7,1,7,1
222.76,7,1,7,1
223.76,7,1,7,1
224.76,7,1,7,1
225.76,7,1,7,1
226.76,7,1,7,1
227.76,7,1,7,1
228.76,7,1,7,1
229.76,7,1,7,1
230.76,7,1,7,1
231.76,7,1,7,1
232.76,7,1,7,1
233.76,7,1,7,1
234.76,7,1,7,1
235.76,7,1,7,1
236.76,7,1,7,1
237.76,7,1,7,1
238.76,7,1,7,1
239.76,7,1,7,1
240.76,7,1,7,1
241.76,7,1,7,1
242.76,7,1,7,1
243.76,7,1,7,1
244.76,7,1,7,1
245.76,7,1,7,1
246.76,7,1,7,1
247.76,7,1,7,1
248.76,7,1,7,1
249.76,7,1,7,1
250.76,7,1,7,1
251.76,7,1,7,1
252.76,7,1,7,1
253.76,7,1,7,1
254.76,7,1,7,1
255.76,7,1,7,1
256.76,7,1,7,1
257.76,7,1,7,1
258.76,7,1,7,1
259.76,7,1,7,1
260.76,7,1,7,1
261.76,7,1,7,1
262.76,7,1,7,1
263.76,7,1,7,1
264.76,7,1,7,1
265.76,7,1,7,1
266.76,7,1,7,1
267.76,7,1,7,1
268.76,7,1,7,1
269.76,7,1,7,1
270.76,7,1,7,1
271.76,7,1,7,1
272.76,7,1,7,1
273.76,7,1,7,1
274.76,7,1,7,1
275.76,7,1,7,1
276.76,7,1,7,1
277.76,7,1,7,1
278.76,7,1,7,1
279.76,7,1,7,1
280.76,7,1,7,1
281.76,7,1,7,1
282.76,7,1,7,1
283.76,7,1,7,1
284.76,7,1,7,1
285.76,7,1,7,1
286.76,7,1,7,1
287.76,7,1,7,1
288.76,7,1,7,1
289.76,7,1,7,1
290.76,7,1,7,1
291.76,7,1,7,1
292.76,7,1,7,1
293.76,7,1,7,1
294.76,7,1,7,1
295.76,7,1,7,1
296.76,7,1,7,1
297.76,7,1,7,1
298.76,7,1,7,1
299.76,7,1,7,1
300.76,7,1,7,1
301.76,7,1,7,1
302.76,7,1,7,1
303.76,7,1,7,1
304.76,7,1,7,1
305.76,7,1,7,1
306.76,7,1,7,1
307.76,7,1,7,1
308.76,7,1,7,1
309.76,7,1,7,1
310.76,7,1,7,1
311.76,7,1,7,1
312.76,7,1,7,1
313.76,7,1,7,1
314.76,7,1,7,1
315.76,7,1,7,1
316.76,7,1,7,1
317.76,7,1,7,1
318.76,7,1,7,1
319.76,7,1,7,1
320.76,7,1,7,1
321.76,7,1,7,1
322.76,7,1,7,1
323.76,7,1,7,1
324.76,7,1,7,1
325.76,7,1,7,1
326.76,7,1,7,1
327.76,7,1,7,1
328.76,7,1,7,1
329.76,7,1,7,1
330.76,7,1,7,1
331.76,7,1,7,1
332.76,7,1,7,1
333.76,7,1,7,1
334.76,7,1,7,1
335.76,7,1,7,1
336.76,7,1,7,1
337.76,7,1,7,1
338.76,7,1,7,1
339.76,7,1,7,1
340.76,7,1,7,1
341.76,7,1,7,1
342.76,7,1,7,1
343.76,7,1,7,1
344.76,7,1,7,1
345.76,7,1,7,1
346.76,7,1,7,1
347.76,7,1,7,1
348.76,7,1,7,1
349.76,7,1,7,1
350.76,7,1,7,1
351.76,7,1,7,1
352.76,7,1,7,1
353.76,7,1,7,1
354.76,7,1,7,1
355.76,7,1,7,1
356.76,7,1,7,1
357.76,7,1,7,1
358.76,7,1,7,1
359.76,7,1,7,1
360.76,7,1,7,1
361.76,7,1,7,1
362.76,7,1,7,1
363.76,7,1,7,1
364.76,7,1,7,1
365.76,7,1,7,1
366.76,7,1,7,1
367.76,7,1,7,1
368.76,7,1,7,1
369.76,7,1,7,1
370.76,7,1,7,1
371.76,7,1,7,1
372.76,7,1,7,1
373.76,7,1,7,1
374.76,7,1,7,1
375.76,7,1,7,1
376.76,7,1,7,1
377.76,7,1,7,1
378.76,7,1,7,1
379.76,7,1,7,1
380.76,7,1,7,1
381.76,7,1,7,1
382.76,7,1,7,1
383.76,7,1,7,1
384.76,7,1,7,1
385.76,7,1,7,1
386.76,7,1,7,1
387.76,7,1,7,1
388.76,7,1,7,1
389.76,7,1,7,1
390.76,7,1,7,1
391.76,7,1,7,1
392.76,7,1,7,1
393.76,7,1,7,1
394.76,7,1,7,1
395.76,7,1,7,1
396.76,7,1,7,1
397.76,7,1,7,1
398.76,7,1,7,1
399.76,7,1,7,1
400.76,7,1,7,1
401.76,7,1,7,1
402.76,7,1,7,1
403.76,7,1,7,1
404.76,7,1,7,1
405.76,7,1,7,1
406.76,7,1,7,1
407.76,7,1,7,1
408.76,7,1,7,1
409.76,7,1,7,1
410.76,7,1,7,1
411.76,7,1,7,1
412.76,7,1,7,1
413.76,7,1,7,1
414.76,7,1,7,1
415.76,7,1,7,1
416.76,7,1,7,1
417.76,7,1,7,1
418.76,7,1,7,1
419.76,7,1,7,1
420.76,7,1,7,1
421.76,7,1,7,1
422.76,7,1,7,1
423.76,7,1,7,1
424.76,7,1,7,1
425.76,7,1,7,1
426.76,7,1,7,1
427.76,7,1,7,1
428.76,7,1,7,1
429.76,7,1,7,1
430.76,7,1,7,1
431.76,7,1,7,1
432.76,7,1,7,1
433.76,7,1,7,1
434.76,7,1,7,1
435.76,7,1,7,1
436.76,7,1,7,1
437.76,7,1,7,1
438.76,7,1,7,1
439.76,7,1,7,1
440.76,7,1,7,1
441.76,7,1,7,1
442.76,7,1,7,1
443.76,7,1,7,1
444.76,7,1,7,1
445.76,7,1,7,1
446.76,7,1,7,1
447.76,7,1,7,1
448.76,7,1,7,1
449.76,7,1,7,1
450.76,7,1,7,1
451.76,7,1,7,1
452.76,7,1,7,1
453.76,7,1,7,1
454.76,7,1,7,1
455.76,7,1,7,1
456.76,7,1,7,1
457.76,7,1,7,1
458.76,7,1,7,1
459.76,7,1,7,1
460.76,7,1,7,1
461.76,7,1,7,1
462.76,7,1,7,1
463.76,7,1,7,1
464.76,7,1,7,1
465.76,7,1,7,1
466.76,7,1,7,1
467.76,7,1,7,1
468.76,7,1,7,1
469.76,7,1,7,1
470.76,7,1,7,1
471.76,7,1,7,1
472.76,7,1,7,1
473.76,7,1,7,1
474.76,7,1,7,1
475.76,7,1,7,1
476.76,7,1,7,1
477.76,7,1,7,1
478.76,7,1,7,1
479.76,7,1,7,1
480.76,7,1,7,1
481.76,7,1,7,1
482.76,7,1,7,1
483.76,7,1,7,1
484.76,7,1,7,1
485.76,7,1,7,1
486.76,7,1,7,1
487.76,7,1,7,1
488.76,7,1,7,1
489.76,7,1,7,1
490.76,7,1,7,1
491.76,7,1,7,1
492.76,7,1,7,1
493.76,7,1,7,1
494.76,7,1,7,1
495.76,7,1,7,1
496.76,7,1,7,1
497.76,7,1,7,1
498.76,7,1,7,1
499.76,7,1,7,1
500.76,7,1,7,1
501.76,7,1,7,1
502.76,7,1,7,1
503.76,7,1,7,1
504.76,7,1,7,1
505.76,7,1,7,1
506.76,7,1,7,1
507.76,7,1,7,1
508.76,7,1,7,1
509.76,7,1,7,1
510.76,7,1,7,1
511.76,7,1,7,1
512.76,7,1,7,1
513.76,7,1,7,1
514.76,7,1,7,1
515.76,7,1,7,1
516.76,7,1,7,1
517.76,7,1,7,1
518.76,7,1,7,1
519.76,7,1,7,1
520.76,7,1,7,1
521.76,7,1,7,1
522.76,7,1,7,1
523.76,7,1,7,1
524.76,7,1,7,1
525.76,7,1,7,1
526.76,7,1,7,1
527.76,7,1,7,1
528.76,7,1,7,1
529.76,7,1,7,1
530.76,7,1,7,1
531.76,7,1,7,1
532.76,7,1,7,1
533.76,7,1,7,1
534.76,7,1,7,1
535.76,7,1,7,1
536.76,7,1,7,1
537.76,7,1,7,1
538.76,7,1,7,1
539.76,7,1,7,1
540.76,7,0.895522388059702,7,0.895522388059702
541.76,7,0.646766169154229,7,0.646766169154229
542.76,8,0.601990049751244,8,0.601990049751244
543.76,8,0.850746268656716,8,0.850746268656716
544.76,8,1,8,1
545.76,8,1,8,1
546.76,8,0.945273631840796,8,1
547.76,8,0.696517412935323,8,0.915422885572139
548.76,3,0.552238805970149,8,0.666666666666667
549.76,3,0.800995024875622,3,0.582089552238806
550.76,3,1,3,0.830845771144279
551.76,3,1,3,1
552.76,3,1,3,1
553.76,3,1,3,1
554.76,3,1,3,1
555.76,3,1,3,1
556.76,3,1,3,1
557.76,3,1,3,1
558.76,3,1,3,1
559.76,3,1,3,1
560.76,3,1,3,1
561.76,3,1,3,1
562.76,3,1,3,1
563.76,3,1,3,1
564.76,3,1,3,1
565.76,3,1,3,1
566.76,3,1,3,1
567.76,3,1,3,1
568.76,3,1,3,1
569.76,3,1,3,1
570.76,3,1,3,1
571.76,3,1,3,1
572.76,3,1,3,1
573.76,3,1,3,1
574.76,3,0.970149253731343,3,0.915422885572139
575.76,3,0.721393034825871,3,0.666666666666667
576.76,1,0.527363184079602,1,0.582089552238806
577.76,1,0.776119402985075,1,0.830845771144279
578.76,1,1,1,1
579.76,1,1,1,1
580.76,1,1,1,1
581.76,1,1,1,1
582.76,1,1,1,1
583.76,1,1,1,1
584.76,1,1,1,1
585.76,1,1,1,1
586.76,1,1,1,1
587.76,1,1,1,1
588.76,1,1,1,1
589.76,1,1,1,1
590.76,1,1,1,1
591.76,1,1,1,1
592.76,1,1,1,1
593.76,1,1,1,1
594.76,1,1,1,1
595.76,1,1,1,1
596.76,1,1,1,1
597.76,1,1,1,1
598.76,1,1,1,1
599.76,1,1,1,1
600.76,1,0.960199004975124,1,0.970149253731343
601.76,1,0.711442786069652,1,0.721393034825871
602.76,7,0.537313432835821,7,0.527363184079602
603.76,7,0.786069651741294,7,0.776119402985075
604.76,7,1,7,1
605.76,7,1,7,1
606.76,7,1,7,1
607.76,7,1,7,1
608.76,7,1,7,1
609.76,7,1,7,1
610.76,7,0.840796019900497,7,0.850746268656716
611.76,7,0.592039800995025,7,0.601990049751244
612.76,8,0.656716417910448,8,0.646766169154229
613.76,8,0.90547263681592,8,0.895522388059702
614.76,8,1,8,1
615.76,8,1,8,1
616.76,8,1,8,1
617.76,8,1,8,1
618.76,8,1,8,1
619.76,8,1,8,1
620.76,8,1,8,1
621.76,8,1,8,1
622.76,8,1,8,1
623.76,8,1,8,1
624.76,8,1,8,1
625.76,8,1,8,1
626.76,8,1,8,1
627.76,8,1,8,1
628.76,8,1,8,1
629.76,8,1,8,1
630.76,8,1,8,1
631.76,8,1,8,1
632.76,8,1,8,1
633.76,8,1,8,1
634.76,8,1,8,1
635.76,8,1,8,1
636.76,8,1,8,1
637.76,8,0.885572139303483,8,0.830845771144279
638.76,8,0.63681592039801,8,0.582089552238806
639.76,6,0.611940298507463,6,0.666666666666667
640.76,6,0.860696517412935,6,0.915422885572139
641.76,6,1,6,1
642.76,6,1,6,1
643.76,6,1,6,1
644.76,6,1,6,1
645.76,6,1,6,1
646.76,6,1,6,1
647.76,6,1,6,1
648.76,6,1,6,1
649.76,6,1,6,1
650.76,6,1,6,1
651.76,6,1,6,1
652.76,6,1,6,1
653.76,6,1,6,1
654.76,6,1,6,1
655.76,6,1,6,1
656.76,6,1,6,1
657.76,6,1,6,1
658.76,6,1,6,1
659.76,6,1,6,1
660.76,6,1,6,1
661.76,6,1,6,1
662.76,6,1,6,1
663.76,6,1,6,1
664.76,6,1,6,1
665.76,6,1,6,1
666.76,6,1,6,1
667.76,6,1,6,1
668.76,6,1,6,1
669.76,6,1,6,1
670.76,6,1,6,1
671.76,6,1,6,1
672.76,6,1,6,1
673.76,6,1,6,1
674.76,6,1,6,1
675.76,6,1,6,1
676.76,6,1,6,1
677.76,6,1,6,1
678.76,6,1,6,1
679.76,6,1,6,1
680.76,6,1,6,1
681.76,6,1,6,1
682.76,6,1,6,1
683.76,6,1,6,1
684.76,6,1,6,1
685.76,6,1,6,1
686.76,6,1,6,1
687.76,6,1,6,1
688.76,6,1,6,1
689.76,6,1,6,1
690.76,6,1,6,1
691.76,6,1,6,1
692.76,6,1,6,1
693.76,6,1,6,1
694.76,6,1,6,1
695.76,6,1,6,1
696.76,6,1,6,1
697.76,6,1,6,1
698.76,6,1,6,1
699.76,6,1,6,1
700.76,6,1,6,1
701.76,6,1,6,1
702.76,6,1,6,1
703.76,6,1,6,1
704.76,6,1,6,1
705.76,6,1,6,1
706.76,6,1,6,1
707.76,6,1,6,1
708.76,6,1,6,1
709.76,6,1,6,1
710.76,6,1,6,1
711.76,6,1,6,1
712.76,6,1,6,1
713.76,6,1,6,1
714.76,6,1,6,1
715.76,6,1,6,1
716.76,6,1,6,0.970149253731343
717.76,6,0.975124378109453,6,0.721393034825871
718.76,6,0.72636815920398,5,0.527363184079602
719.76,5,0.522388059701492,5,0.776119402985075
720.76,5,0.771144278606965,5,1
721.76,5,1,5,1
722.76,5,1,5,1
723.76,5,1,5,1
724.76,5,1,5,1
725.76,5,1,5,1
726.76,5,1,5,1
727.76,5,1,5,1
728.76,5,1,5,1
729.76,5,1,5,1
730.76,5,1,5,1
731.76,5,1,5,1
732.76,5,1,5,1
733.76,5,1,5,1
734.76,5,1,5,1
735.76,5,1,5,1
736.76,5,1,5,1
737.76,5,1,5,1
738.76,5,1,5,1
739.76,5,1,5,1
740.76,5,1,5,1
741.76,5,1,5,1
742.76,5,1,5,1
743.76,5,1,5,1
744.76,5,1,5,1
745.76,5,1,5,1
746.76,5,1,5,1
747.76,5,1,5,1
748.76,5,1,5,1
749.76,5,1,5,1
750.76,5,1,5,1
751.76,5,1,5,1
752.76,5,1,5,1
753.76,5,1,5,1
754.76,5,1,5,1
755.76,5,1,5,1
756.76,5,1,5,1
757.76,5,1,5,1
758.76,5,1,5,1
759.76,5,1,5,1
760.76,5,1,5,1
761.76,5,1,5,1
762.76,5,1,5,1
763.76,5,1,5,1
764.76,5,1,5,1
765.76,5,1,5,1
766.76,5,1,5,1
767.76,5,1,5,1
768.76,5,1,5,1
769.76,5,1,5,1
770.76,5,1,5,1
771.76,5,1,5,1
772.76,5,1,5,1
773.76,5,1,5,1
774.76,5,1,5,1
775.76,5,1,5,1
776.76,5,1,5,1
777.76,5,1,5,1
778.76,5,1,5,1
779.76,5,1,5,1
780.76,5,1,5,1
781.76,5,1,5,1
782.76,5,1,5,1
783.76,5,1,5,1
784.76,5,1,5,1
785.76,5,1,5,1
786.76,5,1,5,1
787.76,5,1,5,1
788.76,5,1,5,1
789.76,5,1,5,1
790.76,5,1,5,1
791.76,5,1,5,1
792.76,5,1,5,1
793.76,5,1,5,1
794.76,5,1,5,1
795.76,5,1,5,1
796.76,5,1,5,1
797.76,5,1,5,1
798.76,5,1,5,1
799.76,5,1,5,1
800.76,5,1,5,1
801.76,5,1,5,0.980099502487562
802.76,5,0.855721393034826,5,0.73134328358209
803.76,5,0.606965174129353,6,0.517412935323383
804.76,6,0.641791044776119,6,0.766169154228856
805.76,6,0.890547263681592,6,1
806.76,6,0.860696517412935,6,0.860696517412935
807.76,6,0.611940298507463,6,0.611940298507463
808.76,5,0.63681592039801,5,0.63681592039801
809.76,5,0.885572139303483,5,0.885572139303483
810.76,5,1,5,1
811.76,5,1,5,1
812.76,5,1,5,1
813.76,5,1,5,1
814.76,5,1,5,1
815.76,5,1,5,1
816.76,5,1,5,1
817.76,5,1,5,1
818.76,5,1,5,1
819.76,5,1,5,1
820.76,5,1,5,1
821.76,5,1,5,1
822.76,5,1,5,1
823.76,5,1,5,1
824.76,5,1,5,1
825.76,5,1,5,1
826.76,5,1,5,1
827.76,5,1,5,1
828.76,5,1,5,1
829.76,5,1,5,1
830.76,5,1,5,1
831.76,5,1,5,1
832.76,5,1,5,1
833.76,5,1,5,1
834.76,5,1,5,1
835.76,5,1,5,1
836.76,5,1,5,1
837.76,5,1,5,1
838.76,5,1,5,1
839.76,5,1,5,1
840.76,5,1,5,1
841.76,5,1,5,1
842.76,5,1,5,1
843.76,5,1,5,1
844.76,5,1,5,1
845.76,5,1,5,1
846.76,5,1,5,1
847.76,5,1,5,1
848.76,5,1,5,1
849.76,5,1,5,1
850.76,5,1,5,1
851.76,5,1,5,1
852.76,5,1,5,1
853.76,5,1,5,1
854.76,5,1,5,1
855.76,5,1,5,1
856.76,5,1,5,1
857.76,5,1,5,1
858.76,5,0.880597014925373,5,0.925373134328358
859.76,5,0.631840796019901,5,0.676616915422886
860.76,9,0.616915422885572,9,0.572139303482587
861.76,9,0.865671641791045,9,0.82089552238806
862.76,9,1,9,1
863.76,9,1,9,1
864.76,9,1,9,1
865.76,9,1,9,1
866.76,9,1,9,1
867.76,9,1,9,1
868.76,9,1,9,1
869.76,9,1,9,1
870.76,9,1,9,1
871.76,9,1,9,1
872.76,9,1,9,1
873.76,9,1,9,1
874.76,9,1,9,1
875.76,9,1,9,1
876.76,9,1,9,1
877.76,9,1,9,1
878.76,9,1,9,1
879.76,9,1,9,1
880.76,9,1,9,1
881.76,9,1,9,1
882.76,9,1,9,1
883.76,9,1,9,1
884.76,9,1,9,1
885.76,9,1,9,1
886.76,9,1,9,1
887.76,9,1,9,1
888.76,9,1,9,1
889.76,9,1,9,1
890.76,9,1,9,1
891.76,9,1,9,1
892.76,9,1,9,1
893.76,9,1,9,1
894.76,9,1,9,1
895.76,9,1,9,1
896.76,9,1,9,1
897.76,9,1,9,1
898.76,9,1,9,1
899.76,9,1,9,1
900.76,9,1,9,1
901.76,9,1,9,1
902.76,9,1,9,1
903.76,9,1,9,1
904.76,9,1,9,1
905.76,9,1,9,1
906.76,9,1,9,1
907.76,9,1,9,1
908.76,9,1,9,1
909.76,9,1,9,1
910.76,9,1,9,1
911.76,9,1,9,1
912.76,9,1,9,1
913.76,9,1,9,1
914.76,9,1,9,1
915.76,9,1,9,1
916.76,9,1,9,1
917.76,9,1,9,1
918.76,9,1,9,1
919.76,9,1,9,1
920.76,9,1,9,1
921.76,9,1,9,1
922.76,9,1,9,1
923.76,9,1,9,1
924.76,9,1,9,1
925.76,9,1,9,1
926.76,9,1,9,1
927.76,9,1,9,1
928.76,9,1,9,1
929.76,9,1,9,1
930.76,9,1,9,1
931.76,9,1,9,1
932.76,9,1,9,1
933.76,9,1,9,1
934.76,9,1,9,1
935.76,9,1,9,1
936.76,9,1,9,1
937.76,9,1,9,1
938.76,9,1,9,1
939.76,9,1,9,1
940.76,9,1,9,1
941.76,9,1,9,1
942.76,9,1,9,1
943.76,9,1,9,1
944.76,9,1,9,1
945.76,9,1,9,1
946.76,9,1,9,1
947.76,9,1,9,1
948.76,9,1,9,1
949.76,9,1,9,1
950.76,9,1,9,1
951.76,9,1,9,1
952.76,9,1,9,1
953.76,9,1,9,1
954.76,9,1,9,1
955.76,9,1,9,1
956.76,9,1,9,1
957.76,9,1,9,1
958.76,9,1,9,1
959.76,9,1,9,1
960.76,9,1,9,1
961.76,9,1,9,1
962.76,9,1,9,1
963.76,9,1,9,1
964.76,9,1,9,1
965.76,9,1,9,1
966.76,9,1,9,1
967.76,9,1,9,1
968.76,9,1,9,1
969.76,9,1,9,1
970.76,9,1,9,1
971.76,9,1,9,1
972.76,9,1,9,1
973.76,9,1,9,1
974.76,9,1,9,1
975.76,9,1,9,1
976.76,9,1,9,1
977.76,9,1,9,1
978.76,9,1,9,1
979.76,9,1,9,1
980.76,9,1,9,1
981.76,9,1,9,1
982.76,9,1,9,1
983.76,9,1,9,1
984.76,9,1,9,1
985.76,9,1,9,1
986.76,9,1,9,1
987.76,9,1,9,1
988.76,9,1,9,1
989.76,9,1,9,1
990.76,9,1,9,1
991.76,9,1,9,1
992.76,9,1,9,1
993.76,9,1,9,1
994.76,9,1,9,1
995.76,9,1,9,1
996.76,9,1,9,1
997.76,9,1,9,1
