time,class,class_prop,class_rel,class_prop_rel
90.46,8,1,8,1
90.96,8,1,8,1
91.46,8,1,8,1
91.96,8,1,8,1
92.46,8,1,8,1
92.96,8,1,8,1
93.46,8,1,8,1
93.96,8,1,8,1
94.46,8,1,8,1
94.96,8,1,8,1
95.46,8,1,8,1
95.96,8,1,8,1
96.46,8,1,8,1
96.96,8,1,8,1
97.46,8,1,8,1
97.96,8,1,8,1
98.46,8,1,8,1
98.96,8,1,8,1
99.46,8,1,8,1
99.96,8,1,8,1
100.46,8,1,8,1
100.96,8,1,8,1
101.46,8,1,8,1
101.96,8,1,8,1
102.46,8,1,8,1
102.96,8,1,8,1
103.46,8,1,8,1
103.96,8,0.920792079207921,8,1
104.46,8,0.673267326732673,8,1
104.96,6,0.574257425742574,8,0.95049504950495
105.46,6,0.821782178217822,8,0.702970297029703
105.96,6,1,6,0.544554455445545
106.46,6,1,6,0.792079207920792
106.96,6,1,6,1
107.46,6,1,6,1
107.96,6,1,6,1
108.46,6,1,6,1
108.96,6,1,6,1
109.46,6,1,6,1
109.96,6,1,6,1
110.46,6,1,6,1
110.96,6,1,6,1
111.46,6,1,6,1
111.96,6,1,6,1
112.46,6,1,6,1
112.96,6,1,6,1
113.46,6,1,6,1
113.96,6,1,6,1
114.46,6,1,6,1
114.96,6,1,6,1
115.46,6,1,6,1
115.96,6,1,6,1
116.46,6,1,6,1
116.96,6,1,6,1
117.46,6,1,6,1
117.96,6,1,6,1
118.46,6,1,6,1
118.96,6,1,6,1
119.46,6,1,6,1
119.96,6,1,6,1
120.46,6,1,6,1
120.96,6,1,6,1
121.46,6,1,6,1
121.96,6,1,6,1
122.46,6,1,6,1
122.96,6,1,6,1
123.46,6,1,6,1
123.96,6,1,6,1
124.46,6,1,6,1
124.96,6,1,6,1
125.46,6,1,6,1
125.96,6,1,6,1
126.46,6,1,6,1
126.96,6,1,6,1
127.46,6,1,6,1
127.96,6,1,6,1
128.46,6,1,6,1
128.96,6,1,6,1
129.46,6,1,6,1
129.96,6,1,6,1
130.46,6,1,6,1
130.96,6,1,6,1
131.46,6,1,6,1
131.96,6,1,6,1
132.46,6,1,6,1
132.96,6,1,6,1
133.46,6,1,6,1
133.96,6,1,6,1
134.46,6,1,6,1
134.96,6,1,6,1
135.46,6,1,6,1
135.96,6,1,6,1
136.46,6,1,6,1
136.96,6,1,6,1
137.46,6,1,6,1
137.96,6,1,6,1
138.46,6,1,6,1
138.96,6,1,6,1
139.46,6,1,6,1
139.96,6,1,6,1
140.46,6,1,6,1
140.96,6,1,6,1
141.46,6,1,6,1
141.96,6,1,6,1
142.46,6,1,6,1
142.96,6,1,6,1
143.46,6,1,6,1
143.96,6,1,6,1
144.46,6,1,6,1
144.96,6,1,6,1
145.46,6,1,6,1
145.96,6,1,6,1
146.46,6,1,6,1
146.96,6,1,6,1
147.46,6,1,6,1
147.96,6,1,6,1
148.46,6,1,6,1
148.96,6,1,6,1
149.46,6,1,6,1
149.96,6,1,6,1
150.46,6,1,6,1
150.96,6,1,6,1
151.46,6,1,6,1
151.96,6,1,6,1
152.46,6,1,6,1
152.96,6,1,6,1
153.46,6,1,6,1
153.96,6,1,6,1
154.46,6,1,6,1
154.96,6,1,6,1
155.46,6,1,6,1
155.96,6,1,6,1
156.46,6,1,6,1
156.96,6,1,6,1
157.46,6,1,6,1
157.96,6,1,6,1
158.46,6,1,6,1
158.96,6,1,6,1
159.46,6,1,6,1
159.96,6,1,6,1
160.46,6,1,6,1
160.96,6,1,6,1
161.46,6,1,6,1
161.96,6,1,6,1
162.46,6,1,6,1
162.96,6,1,6,1
163.46,6,1,6,1
163.96,6,1,6,1
164.46,6,1,6,1
164.96,6,1,6,1
165.46,6,1,6,1
165.96,6,1,6,1
166.46,6,1,6,1
166.96,6,1,6,1
167.46,6,1,6,1
167.96,6,1,6,1
168.46,6,1,6,1
168.96,6,1,6,1
169.46,6,1,6,1
169.96,6,1,6,1
170.46,6,1,6,1
170.96,6,1,6,1
171.46,6,1,6,1
171.96,6,1,6,1
172.46,6,1,6,1
172.96,6,1,6,1
173.46,6,1,6,1
173.96,6,1,6,1
174.46,6,1,6,1
174.96,6,1,6,1
175.46,6,1,6,1
175.96,6,1,6,1
176.46,6,1,6,1
176.96,6,1,6,1
177.46,6,1,6,1
177.96,6,1,6,1
178.46,6,1,6,1
178.96,6,1,6,1
179.46,6,1,6,1
179.96,6,1,6,1
180.46,6,1,6,1
180.96,6,1,6,1
181.46,6,1,6,1
181.96,6,1,6,1
182.46,6,1,6,1
182.96,6,1,6,1
183.46,6,1,6,1
183.96,6,1,6,1
184.46,6,1,6,1
184.96,6,1,6,1
185.46,6,1,6,1
185.96,6,1,6,1
186.46,6,1,6,1
186.96,6,1,6,1
187.46,6,1,6,1
187.96,6,1,6,1
188.46,6,1,6,1
188.96,6,1,6,1
189.46,6,1,6,1
189.96,6,1,6,1
190.46,6,1,6,1
190.96,6,1,6,1
191.46,6,1,6,1
191.96,6,1,6,1
192.46,6,1,6,1
192.96,6,1,6,1
193.46,6,1,6,1
193.96,6,1,6,1
194.46,6,1,6,1
194.96,6,1,6,1
195.46,6,1,6,1
195.96,6,1,6,1
196.46,6,1,6,1
196.96,6,1,6,1
197.46,6,1,6,1
197.96,6,1,6,1
198.46,6,1,6,1
198.96,6,1,6,1
199.46,6,1,6,1
199.96,6,1,6,1
200.46,6,1,6,1
200.96,6,1,6,1
201.46,6,1,6,1
201.96,6,1,6,1
202.46,6,1,6,1
202.96,6,1,6,1
203.46,6,1,6,1
203.96,6,1,6,1
204.46,6,1,6,1
204.96,6,1,6,1
205.46,6,1,6,1
205.96,6,1,6,1
206.46,6,1,6,1
206.96,6,1,6,1
207.46,6,1,6,1
207.96,6,1,6,1
208.46,6,1,6,1
208.96,6,1,6,1
209.46,6,1,6,1
209.96,6,1,6,1
210.46,6,1,6,1
210.96,6,1,6,1
211.46,6,1,6,1
211.96,6,1,6,1
212.46,6,1,6,1
212.96,6,1,6,1
213.46,6,1,6,1
213.96,6,1,6,1
214.46,6,1,6,1
214.96,6,1,6,1
215.46,6,1,6,1
215.96,6,1,6,1
216.46,6,1,6,1
216.96,6,1,6,1
217.46,6,1,6,1
217.96,6,1,6,1
218.46,6,1,6,1
218.96,6,1,6,1
219.46,6,1,6,1
219.96,6,1,6,1
220.46,6,1,6,1
220.96,6,1,6,1
221.46,6,1,6,1
221.96,6,1,6,1
222.46,6,1,6,1
222.96,6,1,6,1
223.46,6,1,6,1
223.96,6,1,6,1
224.46,6,1,6,1
224.96,6,1,6,1
225.46,6,1,6,1
225.96,6,1,6,1
226.46,6,1,6,1
226.96,6,1,6,1
227.46,6,1,6,1
227.96,6,1,6,1
228.46,6,1,6,1
228.96,6,1,6,1
229.46,6,1,6,1
229.96,6,1,6,1
230.46,6,1,6,1
230.96,6,1,6,1
231.46,6,1,6,1
231.96,6,1,6,1
232.46,6,1,6,1
232.96,6,1,6,1
233.46,6,1,6,1
233.96,6,1,6,1
234.46,6,1,6,1
234.96,6,1,6,1
235.46,6,1,6,1
235.96,6,1,6,1
236.46,6,1,6,1
236.96,6,0.821782178217822,6,0.772277227722772
237.46,6,0.574257425742574,6,0.524752475247525
237.96,5,0.673267326732673,5,0.722772277227723
238.46,5,0.920792079207921,5,0.97029702970297
238.96,5,1,5,1
239.46,5,1,5,1
239.96,5,1,5,1
240.46,5,1,5,1
240.96,5,1,5,1
241.46,5,1,5,1
241.96,5,1,5,1
242.46,5,1,5,1
242.96,5,1,5,1
243.46,5,1,5,1
243.96,5,1,5,1
244.46,5,1,5,1
244.96,5,1,5,1
245.46,5,1,5,1
245.96,5,1,5,1
246.46,5,1,5,1
246.96,5,1,5,1
247.46,5,1,5,1
247.96,5,1,5,1
248.46,5,1,5,1
248.96,5,1,5,1
249.46,5,1,5,1
249.96,5,1,5,1
250.46,5,1,5,1
250.96,5,1,5,1
251.46,5,1,5,1
251.96,5,1,5,1
252.46,5,1,5,1
252.96,5,1,5,1
253.46,5,1,5,1
253.96,5,1,5,1
254.46,5,1,5,1
254.96,5,1,5,1
255.46,5,1,5,1
255.96,5,1,5,1
256.46,5,1,5,1
256.96,5,1,5,1
257.46,5,1,5,1
257.96,5,1,5,1
258.46,5,1,5,1
258.96,5,1,5,1
259.46,5,1,5,1
259.96,5,1,5,1
260.46,5,1,5,1
260.96,5,1,5,1
261.46,5,1,5,1
261.96,5,1,5,1
262.46,5,1,5,1
262.96,5,1,5,1
263.46,5,1,5,1
263.96,5,1,5,1
264.46,5,1,5,1
264.96,5,1,5,1
265.46,5,1,5,1
265.96,5,1,5,1
266.46,5,1,5,1
266.96,5,1,5,1
267.46,5,1,5,1
267.96,5,1,5,1
268.46,5,1,5,1
268.96,5,1,5,1
269.46,5,1,5,1
269.96,5,1,5,1
270.46,5,1,5,1
270.96,5,1,5,1
271.46,5,1,5,1
271.96,5,1,5,1
272.46,5,1,5,1
272.96,5,1,5,1
273.46,5,1,5,1
273.96,5,1,5,1
274.46,5,1,5,1
274.96,5,1,5,1
275.46,5,1,5,1
275.96,5,1,5,1
276.46,5,1,5,1
276.96,5,1,5,1
277.46,5,1,5,1
277.96,5,1,5,1
278.46,5,1,5,1
278.96,5,1,5,1
279.46,5,1,5,1
279.96,5,1,5,1
280.46,5,1,5,1
280.96,5,1,5,1
281.46,5,1,5,1
281.96,5,1,5,1
282.46,5,1,5,1
282.96,5,1,5,1
283.46,5,1,5,1
283.96,5,1,5,1
284.46,5,1,5,1
284.96,5,1,5,1
285.46,5,1,5,1
285.96,5,1,5,1
286.46,5,1,5,1
286.96,5,1,5,1
287.46,5,1,5,1
287.96,5,1,5,1
288.46,5,1,5,1
288.96,5,1,5,1
289.46,5,1,5,1
289.96,5,1,5,1
290.46,5,1,5,1
290.96,5,1,5,1
291.46,5,1,5,1
291.96,5,1,5,1
292.46,5,1,5,1
292.96,5,1,5,1
293.46,5,1,5,1
293.96,5,1,5,1
294.46,5,1,5,1
294.96,5,1,5,1
295.46,5,1,5,1
295.96,5,1,5,1
296.46,5,1,5,1
296.96,5,1,5,1
297.46,5,1,5,1
297.96,5,1,5,1
298.46,5,1,5,1
298.96,5,1,5,1
299.46,5,1,5,1
299.96,5,1,5,1
300.46,5,1,5,1
300.96,5,1,5,1
301.46,5,1,5,1
301.96,5,1,5,1
302.46,5,1,5,1
302.96,5,1,5,1
303.46,5,1,5,1
303.96,5,1,5,1
304.46,5,1,5,1
304.96,5,1,5,1
305.46,5,1,5,1
305.96,5,1,5,1
306.46,5,1,5,1
306.96,5,1,5,1
307.46,5,1,5,1
307.96,5,1,5,1
308.46,5,1,5,1
308.96,5,1,5,1
309.46,5,1,5,1
309.96,5,1,5,1
310.46,5,1,5,1
310.96,5,1,5,1
311.46,5,1,5,1
311.96,5,1,5,1
312.46,5,1,5,1
312.96,5,1,5,1
313.46,5,1,5,1
313.96,5,1,5,1
314.46,5,1,5,1
314.96,5,1,5,1
315.46,5,1,5,1
315.96,5,1,5,1
316.46,5,1,5,1
316.96,5,1,5,1
317.46,5,1,5,1
317.96,5,1,5,1
318.46,5,1,5,1
318.96,5,1,5,1
319.46,5,1,5,1
319.96,5,1,5,1
320.46,5,1,5,1
320.96,5,1,5,1
321.46,5,1,5,1
321.96,5,1,5,1
322.46,5,1,5,1
322.96,5,1,5,1
323.46,5,1,5,1
323.96,5,1,5,1
324.46,5,1,5,1
324.96,5,1,5,1
325.46,5,1,5,1
325.96,5,1,5,1
326.46,5,1,5,1
326.96,5,1,5,1
327.46,5,1,5,1
327.96,5,1,5,1
328.46,5,1,5,1
328.96,5,1,5,1
329.46,5,1,5,1
329.96,5,1,5,1
330.46,5,1,5,1
330.96,5,1,5,1
331.46,5,1,5,1
331.96,5,1,5,1
332.46,5,1,5,1
332.96,5,1,5,1
333.46,5,1,5,1
333.96,5,1,5,1
334.46,5,1,5,1
334.96,5,1,5,1
335.46,5,1,5,1
335.96,5,1,5,1
336.46,5,1,5,1
336.96,5,1,5,1
337.46,5,1,5,1
337.96,5,1,5,1
338.46,5,1,5,1
338.96,5,1,5,1
339.46,5,1,5,1
339.96,5,1,5,1
340.46,5,1,5,0.801980198019802
340.96,5,0.861386138613861,5,0.554455445544555
341.46,5,0.613861386138614,6,0.693069306930693
341.96,6,0.633663366336634,6,0.940594059405941
342.46,6,0.881188118811881,6,1
342.96,6,1,6,1
343.46,6,1,6,1
343.96,6,1,6,1
344.46,6,1,6,1
344.96,6,1,6,1
345.46,6,1,6,1
345.96,6,1,6,1
346.46,6,1,6,1
346.96,6,1,6,1
347.46,6,1,6,1
347.96,6,1,6,1
348.46,6,1,6,1
348.96,6,1,6,1
349.46,6,1,6,1
349.96,6,1,6,1
350.46,6,1,6,1
350.96,6,1,6,1
351.46,6,1,6,1
351.96,6,1,6,1
352.46,6,1,6,1
352.96,6,1,6,1
353.46,6,1,6,1
353.96,6,1,6,1
354.46,6,1,6,1
354.96,6,1,6,1
355.46,6,1,6,1
355.96,6,1,6,1
356.46,6,1,6,1
356.96,6,1,6,1
357.46,6,1,6,1
357.96,6,1,6,1
358.46,6,1,6,1
358.96,6,1,6,1
359.46,6,1,6,1
359.96,6,1,6,1
360.46,6,1,6,1
360.96,6,1,6,1
361.46,6,1,6,1
361.96,6,1,6,1
362.46,6,1,6,1
362.96,6,1,6,1
363.46,6,1,6,1
363.96,6,1,6,1
364.46,6,1,6,1
364.96,6,1,6,1
365.46,6,1,6,1
365.96,6,1,6,1
366.46,6,1,6,1
366.96,6,1,6,1
367.46,6,1,6,1
367.96,6,1,6,1
368.46,6,1,6,1
368.96,6,1,6,1
369.46,6,1,6,1
369.96,6,1,6,1
370.46,6,1,6,1
370.96,6,1,6,1
371.46,6,1,6,1
371.96,6,1,6,1
372.46,6,1,6,1
372.96,6,1,6,1
373.46,6,1,6,1
373.96,6,1,6,1
374.46,6,1,6,1
374.96,6,1,6,1
375.46,6,1,6,1
375.96,6,1,6,1
376.46,6,1,6,1
376.96,6,1,6,1
377.46,6,1,6,1
377.96,6,1,6,1
378.46,6,1,6,1
378.96,6,1,6,1
379.46,6,1,6,1
379.96,6,1,6,1
380.46,6,1,6,1
380.96,6,1,6,1
381.46,6,1,6,1
381.96,6,1,6,1
382.46,6,1,6,1
382.96,6,1,6,1
383.46,6,1,6,1
383.96,6,1,6,1
384.46,6,1,6,1
384.96,6,1,6,1
385.46,6,1,6,1
385.96,6,1,6,1
386.46,6,1,6,1
386.96,6,1,6,1
387.46,6,1,6,1
387.96,6,1,6,1
388.46,6,1,6,1
388.96,6,1,6,1
389.46,6,1,6,1
389.96,6,1,6,1
390.46,6,1,6,1
390.96,6,1,6,1
391.46,6,1,6,1
391.96,6,1,6,1
392.46,6,1,6,1
392.96,6,1,6,1
393.46,6,1,6,1
393.96,6,1,6,1
394.46,6,1,6,1
394.96,6,1,6,1
395.46,6,1,6,1
395.96,6,1,6,1
396.46,6,1,6,1
396.96,6,1,6,1
397.46,6,1,6,1
397.96,6,1,6,1
398.46,6,1,6,1
398.96,6,1,6,1
399.46,6,1,6,1
399.96,6,1,6,1
400.46,6,1,6,1
400.96,6,1,6,1
401.46,6,1,6,1
401.96,6,1,6,1
402.46,6,1,6,1
402.96,6,1,6,1
403.46,6,1,6,1
403.96,6,1,6,1
404.46,6,1,6,1
404.96,6,1,6,1
405.46,6,1,6,1
405.96,6,1,6,1
406.46,6,1,6,1
406.96,6,1,6,1
407.46,6,1,6,1
407.96,6,1,6,1
408.46,6,1,6,1
408.96,6,1,6,1
409.46,6,1,6,1
409.96,6,1,6,1
410.46,6,1,6,1
410.96,6,1,6,1
411.46,6,1,6,1
411.96,6,1,6,1
412.46,6,1,6,1
412.96,6,1,6,1
413.46,6,1,6,0.99009900990099
413.96,6,1,6,0.742574257425743
414.46,6,0.811881188118812,10,0.504950495049505
414.96,6,0.564356435643564,10,0.752475247524752
415.46,10,0.683168316831683,10,1
415.96,10,0.930693069306931,10,1
416.46,10,1,10,1
416.96,10,1,10,1
417.46,10,1,10,1
417.96,10,1,10,1
418.46,10,1,10,1
418.96,10,1,10,1
419.46,10,1,10,1
419.96,10,1,10,1
420.46,10,1,10,1
420.96,10,1,10,1
421.46,10,1,10,1
421.96,10,1,10,1
422.46,10,1,10,1
422.96,10,1,10,1
423.46,10,1,10,1
423.96,10,1,10,1
424.46,10,1,10,1
424.96,10,1,10,1
425.46,10,1,10,1
425.96,10,1,10,1
426.46,10,1,10,1
426.96,10,1,10,1
427.46,10,1,10,1
427.96,10,1,10,1
428.46,10,1,10,1
428.96,10,1,10,1
429.46,10,1,10,1
429.96,10,1,10,1
430.46,10,1,10,1
430.96,10,1,10,1
431.46,10,1,10,1
431.96,10,1,10,1
432.46,10,1,10,1
432.96,10,1,10,1
433.46,10,1,10,1
433.96,10,1,10,1
434.46,10,1,10,1
434.96,10,1,10,1
435.46,10,1,10,1
435.96,10,1,10,1
436.46,10,1,10,1
436.96,10,1,10,1
437.46,10,1,10,1
437.96,10,1,10,1
438.46,10,1,10,1
438.96,10,1,10,1
439.46,10,1,10,1
439.96,10,1,10,1
440.46,10,1,10,1
440.96,10,1,10,1
441.46,10,1,10,1
441.96,10,1,10,1
442.46,10,1,10,1
442.96,10,1,10,1
443.46,10,1,10,1
443.96,10,1,10,1
444.46,10,1,10,1
444.96,10,1,10,1
445.46,10,1,10,1
445.96,10,1,10,1
446.46,10,1,10,1
446.96,10,1,10,1
447.46,10,1,10,1
447.96,10,1,10,1
448.46,10,1,10,1
448.96,10,1,10,1
449.46,10,1,10,1
449.96,10,1,10,1
450.46,10,1,10,1
450.96,10,1,10,1
451.46,10,1,10,1
451.96,10,1,10,1
452.46,10,1,10,1
452.96,10,1,10,1
453.46,10,1,10,1
453.96,10,1,10,1
454.46,10,1,10,1
454.96,10,1,10,1
455.46,10,1,10,1
455.96,10,1,10,1
456.46,10,1,10,1
456.96,10,1,10,1
457.46,10,1,10,1
457.96,10,1,10,1
458.46,10,1,10,1
458.96,10,1,10,1
459.46,10,1,10,1
459.96,10,1,10,1
460.46,10,1,10,1
460.96,10,1,10,1
461.46,10,1,10,1
461.96,10,1,10,1
462.46,10,1,10,1
462.96,10,1,10,1
463.46,10,1,10,1
463.96,10,1,10,1
464.46,10,1,10,1
464.96,10,1,10,1
465.46,10,1,10,1
465.96,10,1,10,1
466.46,10,1,10,1
466.96,10,1,10,1
467.46,10,1,10,1
467.96,10,1,10,1
468.46,10,1,10,1
468.96,10,1,10,1
469.46,10,1,10,1
469.96,10,1,10,1
470.46,10,1,10,1
470.96,10,1,10,1
471.46,10,1,10,1
471.96,10,1,10,1
472.46,10,1,10,1
472.96,10,1,10,1
473.46,10,1,10,1
473.96,10,1,10,1
474.46,10,1,10,1
474.96,10,1,10,1
475.46,10,1,10,1
475.96,10,1,10,1
476.46,10,1,10,1
476.96,10,1,10,1
477.46,10,1,10,1
477.96,10,1,10,1
478.46,10,1,10,1
478.96,10,1,10,1
479.46,10,1,10,1
479.96,10,1,10,1
480.46,10,1,10,1
480.96,10,1,10,1
481.46,10,1,10,1
481.96,10,1,10,1
482.46,10,1,10,1
482.96,10,1,10,1
483.46,10,1,10,1
483.96,10,1,10,1
484.46,10,1,10,1
484.96,10,1,10,1
485.46,10,1,10,1
485.96,10,1,10,1
486.46,10,1,10,1
486.96,10,1,10,1
487.46,10,1,10,1
487.96,10,1,10,1
488.46,10,1,10,1
488.96,10,1,10,1
489.46,10,1,10,1
489.96,10,1,10,1
490.46,10,1,10,1
490.96,10,1,10,1
491.46,10,1,10,1
491.96,10,1,10,1
492.46,10,1,10,1
492.96,10,1,10,1
493.46,10,1,10,1
493.96,10,1,10,1
494.46,10,1,10,1
494.96,10,1,10,1
495.46,10,1,10,1
495.96,10,1,10,1
496.46,10,1,10,1
496.96,10,1,10,1
497.46,10,1,10,1
497.96,10,1,10,1
498.46,10,1,10,1
498.96,10,1,10,1
499.46,10,1,10,1
499.96,10,1,10,1
500.46,10,1,10,1
500.96,10,1,10,1
501.46,10,1,10,1
501.96,10,1,10,1
502.46,10,1,10,1
502.96,10,1,10,1
503.46,10,1,10,1
503.96,10,1,10,1
504.46,10,1,10,1
504.96,10,1,10,1
505.46,10,1,10,1
505.96,10,1,10,1
506.46,10,1,10,1
506.96,10,1,10,1
507.46,10,1,10,0.95049504950495
507.96,10,1,10,0.702970297029703
508.46,10,1,3,0.544554455445545
508.96,10,1,3,0.792079207920792
509.46,10,0.792079207920792,3,1
509.96,10,0.544554455445545,3,1
510.46,3,0.702970297029703,3,1
510.96,3,0.95049504950495,3,1
511.46,3,1,3,1
511.96,3,1,3,1
512.46,3,1,3,1
512.96,3,1,3,1
513.46,3,1,3,1
513.96,3,1,3,1
514.46,3,1,3,1
514.96,3,1,3,1
515.46,3,1,3,1
515.96,3,1,3,1
516.46,3,1,3,1
516.96,3,1,3,1
517.46,3,1,3,1
517.96,3,1,3,1
518.46,3,1,3,1
518.96,3,1,3,1
519.46,3,1,3,1
519.96,3,1,3,1
520.46,3,1,3,1
520.96,3,1,3,1
521.46,3,1,3,1
521.96,3,1,3,1
522.46,3,1,3,1
522.96,3,1,3,1
523.46,3,1,3,1
523.96,3,1,3,1
524.46,3,1,3,1
524.96,3,1,3,1
525.46,3,1,3,1
525.96,3,1,3,1
526.46,3,1,3,1
526.96,3,1,3,1
527.46,3,1,3,1
527.96,3,1,3,1
528.46,3,1,3,1
528.96,3,1,3,1
529.46,3,1,3,1
529.96,3,1,3,1
530.46,3,1,3,1
530.96,3,1,3,1
531.46,3,1,3,1
531.96,3,1,3,1
532.46,3,1,3,1
532.96,3,1,3,1
533.46,3,1,3,1
533.96,3,1,3,1
534.46,3,1,3,1
534.96,3,1,3,1
535.46,3,1,3,1
535.96,3,1,3,1
536.46,3,1,3,1
536.96,3,1,3,1
537.46,3,1,3,1
537.96,3,1,3,1
538.46,3,1,3,1
538.96,3,1,3,1
539.46,3,1,3,1
539.96,3,1,3,1
540.46,3,1,3,1
540.96,3,1,3,1
541.46,3,1,3,1
541.96,3,1,3,1
542.46,3,1,3,1
542.96,3,1,3,1
543.46,3,1,3,1
543.96,3,1,3,1
544.46,3,1,3,1
544.96,3,1,3,1
545.46,3,1,3,1
545.96,3,1,3,1
546.46,3,1,3,1
546.96,3,1,3,1
547.46,3,1,3,1
547.96,3,1,3,1
548.46,3,1,3,1
548.96,3,1,3,1
549.46,3,1,3,1
549.96,3,1,3,1
550.46,3,1,3,1
550.96,3,1,3,1
551.46,3,1,3,1
551.96,3,1,3,1
552.46,3,1,3,1
552.96,3,1,3,1
553.46,3,1,3,1
553.96,3,1,3,1
554.46,3,1,3,1
554.96,3,1,3,1
555.46,3,1,3,1
555.96,3,1,3,1
556.46,3,1,3,1
556.96,3,1,3,1
557.46,3,1,3,1
557.96,3,1,3,1
558.46,3,1,3,1
558.96,3,1,3,1
559.46,3,1,3,1
559.96,3,1,3,1
560.46,3,1,3,1
560.96,3,1,3,1
561.46,3,1,3,1
561.96,3,1,3,1
562.46,3,1,3,1
562.96,3,1,3,1
563.46,3,1,3,1
563.96,3,1,3,1
564.46,3,1,3,1
564.96,3,1,3,1
565.46,3,1,3,1
565.96,3,1,3,1
566.46,3,1,3,1
566.96,3,1,3,1
567.46,3,1,3,1
567.96,3,1,3,1
568.46,3,1,3,1
568.96,3,1,3,1
569.46,3,1,3,1
569.96,3,1,3,1
570.46,3,1,3,1
570.96,3,1,3,1
571.46,3,1,3,1
571.96,3,1,3,1
572.46,3,1,3,1
572.96,3,1,3,1
573.46,3,1,3,1
573.96,3,1,3,1
574.46,3,1,3,1
574.96,3,1,3,1
575.46,3,1,3,1
575.96,3,1,3,1
576.46,3,1,3,1
576.96,3,1,3,1
577.46,3,1,3,1
577.96,3,1,3,1
578.46,3,1,3,1
578.96,3,1,3,1
579.46,3,1,3,1
579.96,3,1,3,1
580.46,3,1,3,1
580.96,3,1,3,1
581.46,3,1,3,1
581.96,3,1,3,1
582.46,3,1,3,1
582.96,3,1,3,1
583.46,3,1,3,1
583.96,3,1,3,1
584.46,3,1,3,1
584.96,3,1,3,1
585.46,3,1,3,1
585.96,3,1,3,1
586.46,3,1,3,1
586.96,3,1,3,1
587.46,3,1,3,1
587.96,3,1,3,1
588.46,3,1,3,1
588.96,3,1,3,1
589.46,3,1,3,1
589.96,3,1,3,1
590.46,3,1,3,1
590.96,3,1,3,1
591.46,3,1,3,1
591.96,3,1,3,1
592.46,3,1,3,1
592.96,3,1,3,1
593.46,3,1,3,1
593.96,3,1,3,1
594.46,3,1,3,1
594.96,3,1,3,1
595.46,3,1,3,1
595.96,3,1,3,1
596.46,3,1,3,1
596.96,3,1,3,1
597.46,3,1,3,1
597.96,3,1,3,1
598.46,3,1,3,1
598.96,3,1,3,1
599.46,3,1,3,1
599.96,3,1,3,1
600.46,3,1,3,1
600.96,3,1,3,1
601.46,3,1,3,1
601.96,3,1,3,1
602.46,3,1,3,1
602.96,3,1,3,1
603.46,3,1,3,1
603.96,3,1,3,1
604.46,3,1,3,1
604.96,3,1,3,1
605.46,3,1,3,1
605.96,3,1,3,1
606.46,3,1,3,1
606.96,3,1,3,1
607.46,3,1,3,1
607.96,3,1,3,1
608.46,3,1,3,1
608.96,3,1,3,1
609.46,3,1,3,1
609.96,3,1,3,1
610.46,3,1,3,1
610.96,3,1,3,1
611.46,3,1,3,1
611.96,3,1,3,1
612.46,3,1,3,1
612.96,3,1,3,1
613.46,3,1,3,1
613.96,3,1,3,1
614.46,3,1,3,1
614.96,3,1,3,1
615.46,3,1,3,1
615.96,3,1,3,1
616.46,3,1,3,1
616.96,3,1,3,1
617.46,3,1,3,1
617.96,3,1,3,1
618.46,3,1,3,1
618.96,3,1,3,1
619.46,3,1,3,1
619.96,3,1,3,1
620.46,3,1,3,1
620.96,3,1,3,1
621.46,3,1,3,1
621.96,3,1,3,1
622.46,3,1,3,1
622.96,3,1,3,1
623.46,3,1,3,1
623.96,3,1,3,1
624.46,3,1,3,1
624.96,3,1,3,1
625.46,3,1,3,1
625.96,3,1,3,1
626.46,3,1,3,1
626.96,3,1,3,1
627.46,3,1,3,1
627.96,3,1,3,1
628.46,3,1,3,1
628.96,3,1,3,1
629.46,3,1,3,1
629.96,3,1,3,1
630.46,3,1,3,1
630.96,3,1,3,1
631.46,3,1,3,1
631.96,3,1,3,1
632.46,3,1,3,1
632.96,3,1,3,1
633.46,3,1,3,1
633.96,3,1,3,1
634.46,3,1,3,1
634.96,3,1,3,1
635.46,3,1,3,1
635.96,3,1,3,1
636.46,3,1,3,1
636.96,3,1,3,1
637.46,3,1,3,1
637.96,3,1,3,1
638.46,3,1,3,1
638.96,3,1,3,1
639.46,3,1,3,1
639.96,3,1,3,1
640.46,3,0.930693069306931,3,0.96039603960396
640.96,3,0.683168316831683,3,0.712871287128713
641.46,7,0.564356435643564,7,0.534653465346535
641.96,7,0.811881188118812,7,0.782178217821782
642.46,7,1,7,1
642.96,7,1,7,1
643.46,7,1,7,1
643.96,7,1,7,1
644.46,7,1,7,1
644.96,7,1,7,1
645.46,7,1,7,1
645.96,7,1,7,1
646.46,7,1,7,1
646.96,7,1,7,1
647.46,7,1,7,1
647.96,7,1,7,1
648.46,7,1,7,1
648.96,7,1,7,1
649.46,7,1,7,1
649.96,7,1,7,1
650.46,7,1,7,1
650.96,7,1,7,1
651.46,7,1,7,1
651.96,7,1,7,1
652.46,7,1,7,1
652.96,7,1,7,1
653.46,7,1,7,1
653.96,7,1,7,1
654.46,7,1,7,1
654.96,7,1,7,1
655.46,7,1,7,1
655.96,7,1,7,1
656.46,7,1,7,1
656.96,7,1,7,1
657.46,7,1,7,1
657.96,7,1,7,1
658.46,7,1,7,1
658.96,7,1,7,1
659.46,7,1,7,1
659.96,7,1,7,1
660.46,7,1,7,1
660.96,7,1,7,1
661.46,7,1,7,1
661.96,7,1,7,1
662.46,7,1,7,1
662.96,7,1,7,1
663.46,7,1,7,1
663.96,7,1,7,1
664.46,7,1,7,1
664.96,7,1,7,1
665.46,7,1,7,1
665.96,7,1,7,1
666.46,7,1,7,1
666.96,7,1,7,1
667.46,7,1,7,1
667.96,7,1,7,1
668.46,7,1,7,1
668.96,7,1,7,1
669.46,7,1,7,1
669.96,7,1,7,1
670.46,7,1,7,1
670.96,7,1,7,1
671.46,7,1,7,1
671.96,7,1,7,1
672.46,7,1,7,1
672.96,7,1,7,1
673.46,7,1,7,1
673.96,7,1,7,1
674.46,7,1,7,1
674.96,7,1,7,1
675.46,7,1,7,1
675.96,7,1,7,1
676.46,7,1,7,1
676.96,7,1,7,1
677.46,7,1,7,1
677.96,7,1,7,1
678.46,7,1,7,1
678.96,7,1,7,1
679.46,7,1,7,1
679.96,7,1,7,1
680.46,7,1,7,1
680.96,7,1,7,1
681.46,7,1,7,1
681.96,7,1,7,1
682.46,7,1,7,1
682.96,7,1,7,1
683.46,7,1,7,1
683.96,7,1,7,1
684.46,7,1,7,1
684.96,7,1,7,1
685.46,7,1,7,1
685.96,7,1,7,1
686.46,7,1,7,1
686.96,7,1,7,1
687.46,7,1,7,1
687.96,7,1,7,1
688.46,7,1,7,1
688.96,7,1,7,1
689.46,7,1,7,1
689.96,7,1,7,1
690.46,7,1,7,1
690.96,7,1,7,1
691.46,7,1,7,1
691.96,7,1,7,1
692.46,7,1,7,1
692.96,7,1,7,1
693.46,7,1,7,1
693.96,7,1,7,1
694.46,7,1,7,1
694.96,7,1,7,1
695.46,7,1,7,1
695.96,7,1,7,1
696.46,7,1,7,1
696.96,7,1,7,1
697.46,7,1,7,1
697.96,7,1,7,1
698.46,7,1,7,1
698.96,7,1,7,1
699.46,7,1,7,1
699.96,7,1,7,1
700.46,7,1,7,1
700.96,7,1,7,1
701.46,7,1,7,1
701.96,7,1,7,1
702.46,7,1,7,1
702.96,7,1,7,1
703.46,7,1,7,1
703.96,7,1,7,1
704.46,7,1,7,1
704.96,7,1,7,1
705.46,7,1,7,1
705.96,7,1,7,1
706.46,7,1,7,1
706.96,7,1,7,1
707.46,7,1,7,1
707.96,7,1,7,1
708.46,7,1,7,1
708.96,7,1,7,1
709.46,7,1,7,1
709.96,7,1,7,1
710.46,7,1,7,1
710.96,7,1,7,1
711.46,7,1,7,1
711.96,7,1,7,1
712.46,7,1,7,1
712.96,7,1,7,1
713.46,7,1,7,1
713.96,7,1,7,1
714.46,7,1,7,1
714.96,7,1,7,1
715.46,7,1,7,1
715.96,7,1,7,1
716.46,7,1,7,1
716.96,7,1,7,1
717.46,7,1,7,1
717.96,7,1,7,1
718.46,7,1,7,1
718.96,7,1,7,1
719.46,7,1,7,1
719.96,7,1,7,1
720.46,7,1,7,1
720.96,7,1,7,1
721.46,7,1,7,1
721.96,7,1,7,1
722.46,7,1,7,1
722.96,7,1,7,1
723.46,7,1,7,1
723.96,7,1,7,1
724.46,7,1,7,1
724.96,7,1,7,1
725.46,7,1,7,1
725.96,7,1,7,1
726.46,7,1,7,1
726.96,7,1,7,1
727.46,7,1,7,1
727.96,7,1,7,1
728.46,7,1,7,1
728.96,7,1,7,1
729.46,7,1,7,1
729.96,7,1,7,1
730.46,7,1,7,1
730.96,7,1,7,1
731.46,7,1,7,1
731.96,7,1,7,1
732.46,7,1,7,1
732.96,7,1,7,1
733.46,7,1,7,1
733.96,7,1,7,1
734.46,7,1,7,1
734.96,7,1,7,1
735.46,7,1,7,1
735.96,7,1,7,1
736.46,7,1,7,1
736.96,7,1,7,1
737.46,7,1,7,1
737.96,7,1,7,1
738.46,7,1,7,1
738.96,7,1,7,1
739.46,7,1,7,1
739.96,7,1,7,1
740.46,7,1,7,1
740.96,7,1,7,1
741.46,7,1,7,1
741.96,7,1,7,1
742.46,7,1,7,1
742.96,7,1,7,1
743.46,7,1,7,1
743.96,7,1,7,1
744.46,7,1,7,1
744.96,7,1,7,1
745.46,7,1,7,1
745.96,7,1,7,1
746.46,7,1,7,1
746.96,7,1,7,1
747.46,7,1,7,1
747.96,7,1,7,1
748.46,7,1,7,1
748.96,7,1,7,1
749.46,7,1,7,1
749.96,7,1,7,1
750.46,7,1,7,1
750.96,7,1,7,1
751.46,7,1,7,1
751.96,7,1,7,1
752.46,7,1,7,1
752.96,7,1,7,1
753.46,7,1,7,1
753.96,7,1,7,1
754.46,7,1,7,1
754.96,7,1,7,1
755.46,7,1,7,1
755.96,7,1,7,1
756.46,7,1,7,1
756.96,7,1,7,1
757.46,7,1,7,1
757.96,7,1,7,1
758.46,7,1,7,1
758.96,7,1,7,1
759.46,7,1,7,1
759.96,7,1,7,1
760.46,7,1,7,1
760.96,7,1,7,1
761.46,7,1,7,1
761.96,7,1,7,1
762.46,7,1,7,1
762.96,7,1,7,1
763.46,7,1,7,1
763.96,7,1,7,1
764.46,7,1,7,1
764.96,7,1,7,1
765.46,7,1,7,1
765.96,7,1,7,1
766.46,7,1,7,1
766.96,7,1,7,1
767.46,7,1,7,1
767.96,7,1,7,1
768.46,7,1,7,1
768.96,7,1,7,1
769.46,7,1,7,1
769.96,7,1,7,1
770.46,7,1,7,1
770.96,7,1,7,1
771.46,7,1,7,1
771.96,7,1,7,1
772.46,7,1,7,1
772.96,7,1,7,1
773.46,7,1,7,1
773.96,7,1,7,1
774.46,7,1,7,1
774.96,7,1,7,1
775.46,7,1,7,1
775.96,7,1,7,1
776.46,7,1,7,1
776.96,7,1,7,1
777.46,7,1,7,1
777.96,7,1,7,1
778.46,7,1,7,1
778.96,7,1,7,1
779.46,7,1,7,1
779.96,7,1,7,1
780.46,7,1,7,1
780.96,7,1,7,1
781.46,7,1,7,1
781.96,7,1,7,1
782.46,7,1,7,1
782.96,7,1,7,1
783.46,7,1,7,1
783.96,7,1,7,1
784.46,7,1,7,1
784.96,7,1,7,1
785.46,7,1,7,1
785.96,7,1,7,1
786.46,7,1,7,1
786.96,7,1,7,1
787.46,7,1,7,1
787.96,7,1,7,1
788.46,7,1,7,1
788.96,7,1,7,1
789.46,7,1,7,1
789.96,7,1,7,1
790.46,7,1,7,1
790.96,7,1,7,1
791.46,7,1,7,1
791.96,7,1,7,1
792.46,7,1,7,1
792.96,7,1,7,1
793.46,7,1,7,1
793.96,7,1,7,1
794.46,7,1,7,1
794.96,7,1,7,1
795.46,7,1,7,1
795.96,7,1,7,1
796.46,7,1,7,1
796.96,7,1,7,1
797.46,7,1,7,1
797.96,7,1,7,1
798.46,7,1,7,1
798.96,7,1,7,1
799.46,7,1,7,1
799.96,7,1,7,1
800.46,7,1,7,1
800.96,7,1,7,1
801.46,7,1,7,1
801.96,7,1,7,1
802.46,7,1,7,1
802.96,7,1,7,1
803.46,7,1,7,1
803.96,7,1,7,1
804.46,7,1,7,1
804.96,7,1,7,1
805.46,7,1,7,1
805.96,7,1,7,1
806.46,7,1,7,1
806.96,7,1,7,1
807.46,7,1,7,1
807.96,7,1,7,1
808.46,7,1,7,1
808.96,7,1,7,1
809.46,7,1,7,1
809.96,7,1,7,1
810.46,7,1,7,1
810.96,7,1,7,1
811.46,7,1,7,1
811.96,7,1,7,1
812.46,7,1,7,1
812.96,7,1,7,1
813.46,7,1,7,1
813.96,7,1,7,1
814.46,7,1,7,1
814.96,7,1,7,1
815.46,7,1,7,1
815.96,7,1,7,1
816.46,7,1,7,1
816.96,7,1,7,1
817.46,7,1,7,1
817.96,7,1,7,1
818.46,7,1,7,1
818.96,7,1,7,1
819.46,7,1,7,1
819.96,7,1,7,1
820.46,7,1,7,1
820.96,7,1,7,1
821.46,7,1,7,1
821.96,7,1,7,1
822.46,7,1,7,1
822.96,7,1,7,1
823.46,7,1,7,1
823.96,7,1,7,1
824.46,7,1,7,1
824.96,7,1,7,1
825.46,7,1,7,1
825.96,7,1,7,1
826.46,7,1,7,1
826.96,7,1,7,1
827.46,7,1,7,1
827.96,7,1,7,1
828.46,7,1,7,1
828.96,7,1,7,1
829.46,7,1,7,1
829.96,7,1,7,1
830.46,7,1,7,1
830.96,7,1,7,1
831.46,7,1,7,1
831.96,7,1,7,1
832.46,7,1,7,1
832.96,7,1,7,1
833.46,7,1,7,1
833.96,7,1,7,1
834.46,7,1,7,1
834.96,7,1,7,1
835.46,7,1,7,1
835.96,7,1,7,1
836.46,7,1,7,1
836.96,7,1,7,1
837.46,7,1,7,1
837.96,7,1,7,1
838.46,7,1,7,1
838.96,7,1,7,1
839.46,7,1,7,1
839.96,7,1,7,1
840.46,7,1,7,1
840.96,7,1,7,1
841.46,7,1,7,1
841.96,7,1,7,1
842.46,7,1,7,1
842.96,7,1,7,1
843.46,7,1,7,1
843.96,7,1,7,1
844.46,7,1,7,1
844.96,7,1,7,1
845.46,7,1,7,1
845.96,7,1,7,1
846.46,7,1,7,1
846.96,7,1,7,1
847.46,7,1,7,1
847.96,7,1,7,1
848.46,7,1,7,1
848.96,7,1,7,1
849.46,7,1,7,1
849.96,7,1,7,1
850.46,7,1,7,1
850.96,7,1,7,1
851.46,7,1,7,1
851.96,7,1,7,1
852.46,7,1,7,1
852.96,7,1,7,1
853.46,7,1,7,1
853.96,7,1,7,1
854.46,7,1,7,1
854.96,7,1,7,1
855.46,7,1,7,1
855.96,7,1,7,1
856.46,7,1,7,1
856.96,7,1,7,1
857.46,7,1,7,1
857.96,7,1,7,1
858.46,7,1,7,1
858.96,7,1,7,1
859.46,7,1,7,1
859.96,7,1,7,1
860.46,7,1,7,1
860.96,7,1,7,1
861.46,7,1,7,1
861.96,7,1,7,1
862.46,7,1,7,1
862.96,7,1,7,1
863.46,7,1,7,1
863.96,7,1,7,1
864.46,7,1,7,1
864.96,7,1,7,1
865.46,7,1,7,1
865.96,7,1,7,1
866.46,7,1,7,1
866.96,7,1,7,1
867.46,7,1,7,1
867.96,7,1,7,1
868.46,7,1,7,1
868.96,7,1,7,1
869.46,7,1,7,1
869.96,7,1,7,1
870.46,7,1,7,1
870.96,7,1,7,1
871.46,7,1,7,1
871.96,7,1,7,1
872.46,7,1,7,1
872.96,7,1,7,1
873.46,7,1,7,1
873.96,7,1,7,1
874.46,7,1,7,1
874.96,7,1,7,1
875.46,7,1,7,1
875.96,7,1,7,1
876.46,7,1,7,1
876.96,7,1,7,1
877.46,7,1,7,1
877.96,7,1,7,1
878.46,7,1,7,1
878.96,7,1,7,1
879.46,7,1,7,1
879.96,7,1,7,1
880.46,7,1,7,1
880.96,7,1,7,1
881.46,7,1,7,1
881.96,7,1,7,1
882.46,7,1,7,1
882.96,7,1,7,1
883.46,7,1,7,1
883.96,7,1,7,1
884.46,7,1,7,1
884.96,7,1,7,1
885.46,7,1,7,1
885.96,7,1,7,1
886.46,7,1,7,1
886.96,7,1,7,1
887.46,7,1,7,1
887.96,7,1,7,1
888.46,7,1,7,1
888.96,7,1,7,1
889.46,7,1,7,1
889.96,7,1,7,1
890.46,7,1,7,1
890.96,7,1,7,1
891.46,7,1,7,1
891.96,7,1,7,1
892.46,7,1,7,1
892.96,7,1,7,1
893.46,7,1,7,1
893.96,7,1,7,1
894.46,7,1,7,1
894.96,7,1,7,1
895.46,7,1,7,1
895.96,7,1,7,1
896.46,7,1,7,1
896.96,7,1,7,1
897.46,7,1,7,1
897.96,7,1,7,1
898.46,7,1,7,1
898.96,7,1,7,1
899.46,7,1,7,1
899.96,7,1,7,1
900.46,7,1,7,1
900.96,7,1,7,1
901.46,7,1,7,1
901.96,7,1,7,1
902.46,7,1,7,1
902.96,7,1,7,1
903.46,7,1,7,1
903.96,7,1,7,1
904.46,7,1,7,1
904.96,7,1,7,1
905.46,7,1,7,1
905.96,7,1,7,1
906.46,7,1,7,1
906.96,7,1,7,1
907.46,7,1,7,1
907.96,7,1,7,1
908.46,7,1,7,1
908.96,7,1,7,1
909.46,7,1,7,1
909.96,7,1,7,1
910.46,7,1,7,1
910.96,7,1,7,1
911.46,7,1,7,1
911.96,7,1,7,1
912.46,7,1,7,1
912.96,7,1,7,1
913.46,7,1,7,1
913.96,7,1,7,1
914.46,7,1,7,1
914.96,7,1,7,1
915.46,7,1,7,1
915.96,7,1,7,1
916.46,7,1,7,1
916.96,7,1,7,1
917.46,7,1,7,1
917.96,7,1,7,1
918.46,7,1,7,1
918.96,7,1,7,1
919.46,7,1,7,1
919.96,7,1,7,1
920.46,7,1,7,1
920.96,7,1,7,1
921.46,7,1,7,1
921.96,7,1,7,1
922.46,7,1,7,1
922.96,7,1,7,1
923.46,7,1,7,1
923.96,7,1,7,1
924.46,7,1,7,1
924.96,7,1,7,1
925.46,7,1,7,1
925.96,7,1,7,1
926.46,7,1,7,1
926.96,7,1,7,1
927.46,7,1,7,1
927.96,7,1,7,1
928.46,7,1,7,1
928.96,7,1,7,1
929.46,7,1,7,1
929.96,7,1,7,1
930.46,7,1,7,1
930.96,7,1,7,1
931.46,7,1,7,1
931.96,7,1,7,1
932.46,7,1,7,1
932.96,7,1,7,1
933.46,7,1,7,1
933.96,7,1,7,1
934.46,7,1,7,1
934.96,7,1,7,1
935.46,7,1,7,1
935.96,7,1,7,1
936.46,7,1,7,1
936.96,7,1,7,1
937.46,7,1,7,1
937.96,7,1,7,1
938.46,7,1,7,1
938.96,7,1,7,1
939.46,7,1,7,1
939.96,7,1,7,1
940.46,7,1,7,1
940.96,7,1,7,1
941.46,7,1,7,1
941.96,7,1,7,1
942.46,7,1,7,1
942.96,7,1,7,1
943.46,7,1,7,1
943.96,7,1,7,1
944.46,7,1,7,1
944.96,7,1,7,1
945.46,7,1,7,1
945.96,7,1,7,1
946.46,7,1,7,1
946.96,7,1,7,1
947.46,7,1,7,1
947.96,7,1,7,1
948.46,7,1,7,1
948.96,7,1,7,1
949.46,7,1,7,1
949.96,7,1,7,1
950.46,7,1,7,1
950.96,7,1,7,1
951.46,7,1,7,1
951.96,7,1,7,1
952.46,7,1,7,1
952.96,7,1,7,1
953.46,7,1,7,1
953.96,7,1,7,1
954.46,7,1,7,1
954.96,7,1,7,1
955.46,7,1,7,1
955.96,7,1,7,1
956.46,7,1,7,1
956.96,7,1,7,1
957.46,7,1,7,1
957.96,7,1,7,1
958.46,7,1,7,1
958.96,7,1,7,1
959.46,7,1,7,1
959.96,7,1,7,1
960.46,7,1,7,1
960.96,7,1,7,1
961.46,7,1,7,1
961.96,7,1,7,1
962.46,7,1,7,1
962.96,7,1,7,1
963.46,7,1,7,1
963.96,7,1,7,1
964.46,7,1,7,1
964.96,7,1,7,1
965.46,7,1,7,1
965.96,7,1,7,1
966.46,7,1,7,1
966.96,7,1,7,1
967.46,7,1,7,1
967.96,7,1,7,1
968.46,7,1,7,1
968.96,7,1,7,1
969.46,7,1,7,1
969.96,7,1,7,1
970.46,7,1,7,1
970.96,7,1,7,1
971.46,7,1,7,1
971.96,7,1,7,1
972.46,7,1,7,1
972.96,7,1,7,1
973.46,7,1,7,1
973.96,7,1,7,1
974.46,7,1,7,1
974.96,7,1,7,1
975.46,7,1,7,1
975.96,7,1,7,1
976.46,7,1,7,1
976.96,7,1,7,1
977.46,7,1,7,1
977.96,7,1,7,1
978.46,7,1,7,1
978.96,7,1,7,1
979.46,7,1,7,1
979.96,7,1,7,1
980.46,7,1,7,1
980.96,7,1,7,1
981.46,7,1,7,1
981.96,7,1,7,1
982.46,7,1,7,1
982.96,7,1,7,1
983.46,7,1,7,1
983.96,7,1,7,1
984.46,7,1,7,1
984.96,7,1,7,1
985.46,7,1,7,1
985.96,7,1,7,1
986.46,7,1,7,1
986.96,7,1,7,1
987.46,7,1,7,1
987.96,7,1,7,1
988.46,7,1,7,1
988.96,7,1,7,1
989.46,7,1,7,1
989.96,7,1,7,1
990.46,7,1,7,1
990.96,7,1,7,1
991.46,7,1,7,1
991.96,7,1,7,1
992.46,7,1,7,1
992.96,7,1,7,1
993.46,7,1,7,1
993.96,7,1,7,1
994.46,7,1,7,1
994.96,7,1,7,1
995.46,7,1,7,1
995.96,7,1,7,1
996.46,7,1,7,1
996.96,7,1,7,1
997.46,7,1,7,1
997.96,7,1,7,1
998.46,7,1,7,1
998.96,7,1,7,1
999.46,7,1,7,1
999.96,7,1,7,1
1000.46,7,1,7,1
1000.96,7,1,7,1
1001.46,7,1,7,1
1001.96,7,1,7,1
1002.46,7,1,7,1
1002.96,7,1,7,1
1003.46,7,1,7,1
1003.96,7,1,7,1
1004.46,7,1,7,1
1004.96,7,1,7,1
1005.46,7,1,7,1
1005.96,7,1,7,1
1006.46,7,1,7,1
1006.96,7,1,7,1
1007.46,7,1,7,1
1007.96,7,1,7,1
1008.46,7,1,7,1
1008.96,7,1,7,1
1009.46,7,1,7,1
1009.96,7,1,7,1
1010.46,7,1,7,1
1010.96,7,1,7,1
1011.46,7,1,7,1
1011.96,7,1,7,1
1012.46,7,1,7,1
1012.96,7,1,7,1
1013.46,7,1,7,1
1013.96,7,1,7,1
1014.46,7,1,7,1
1014.96,7,1,7,1
1015.46,7,1,7,1
1015.96,7,1,7,1
1016.46,7,1,7,1
1016.96,7,1,7,1
1017.46,7,1,7,1
1017.96,7,1,7,1
1018.46,7,1,7,1
1018.96,7,1,7,1
1019.46,7,1,7,1
1019.96,7,1,7,1
1020.46,7,1,7,1
1020.96,7,1,7,1
1021.46,7,1,7,1
1021.96,7,1,7,1
1022.46,7,1,7,1
1022.96,7,1,7,1
1023.46,7,1,7,1
1023.96,7,1,7,1
1024.46,7,1,7,1
1024.96,7,1,7,1
1025.46,7,1,7,1
1025.96,7,1,7,1
1026.46,7,1,7,1
1026.96,7,1,7,1
1027.46,7,1,7,1
1027.96,7,1,7,1
1028.46,7,1,7,1
1028.96,7,1,7,1
1029.46,7,1,7,1
1029.96,7,1,7,1
1030.46,7,1,7,1
1030.96,7,1,7,1
1031.46,7,1,7,1
1031.96,7,1,7,1
1032.46,7,1,7,1
1032.96,7,1,7,1
1033.46,7,1,7,1
1033.96,7,1,7,1
1034.46,7,1,7,1
1034.96,7,1,7,1
1035.46,7,1,7,1
1035.96,7,1,7,1
1036.46,7,1,7,1
1036.96,7,1,7,1
1037.46,7,1,7,1
1037.96,7,1,7,1
1038.46,7,1,7,1
1038.96,7,1,7,1
1039.46,7,1,7,1
1039.96,7,1,7,1
1040.46,7,1,7,1
1040.96,7,1,7,1
1041.46,7,1,7,1
1041.96,7,1,7,1
1042.46,7,1,7,1
1042.96,7,1,7,1
1043.46,7,1,7,1
1043.96,7,1,7,1
1044.46,7,1,7,1
1044.96,7,1,7,1
1045.46,7,1,7,1
1045.96,7,1,7,1
1046.46,7,1,7,1
1046.96,7,1,7,1
1047.46,7,1,7,1
1047.96,7,1,7,1
1048.46,7,1,7,1
1048.96,7,1,7,1
1049.46,7,1,7,1
1049.96,7,1,7,1
1050.46,7,1,7,1
1050.96,7,1,7,1
1051.46,7,1,7,1
1051.96,7,1,7,1
1052.46,7,1,7,1
1052.96,7,1,7,1
1053.46,7,1,7,1
1053.96,7,1,7,1
1054.46,7,1,7,1
1054.96,7,1,7,1
1055.46,7,1,7,1
1055.96,7,1,7,1
1056.46,7,1,7,1
1056.96,7,1,7,1
1057.46,7,1,7,1
1057.96,7,1,7,1
1058.46,7,1,7,1
1058.96,7,1,7,1
1059.46,7,1,7,1
1059.96,7,1,7,1
1060.46,7,1,7,1
1060.96,7,1,7,1
1061.46,7,1,7,1
1061.96,7,1,7,1
1062.46,7,1,7,1
1062.96,7,1,7,1
1063.46,7,1,7,1
1063.96,7,1,7,1
1064.46,7,1,7,0.99009900990099
1064.96,7,1,7,0.742574257425743
1065.46,7,0.811881188118812,3,0.504950495049505
1065.96,7,0.564356435643564,3,0.752475247524752
1066.46,3,0.683168316831683,3,1
1066.96,3,0.930693069306931,3,1
1067.46,3,1,3,1
1067.96,3,1,3,1
1068.46,3,1,3,1
1068.96,3,1,3,1
1069.46,3,1,3,1
1069.96,3,1,3,1
1070.46,3,1,3,1
1070.96,3,1,3,1
1071.46,3,1,3,1
1071.96,3,1,3,1
1072.46,3,1,3,1
1072.96,3,1,3,1
1073.46,3,1,3,1
1073.96,3,1,3,1
1074.46,3,1,3,1
1074.96,3,1,3,1
1075.46,3,1,3,1
1075.96,3,1,3,1
1076.46,3,1,3,1
1076.96,3,1,3,1
1077.46,3,1,3,1
1077.96,3,1,3,1
1078.46,3,1,3,1
1078.96,3,1,3,1
1079.46,3,1,3,1
1079.96,3,1,3,1
1080.46,3,1,3,1
1080.96,3,1,3,1
1081.46,3,1,3,1
1081.96,3,1,3,1
1082.46,3,1,3,1
1082.96,3,1,3,1
1083.46,3,1,3,1
1083.96,3,1,3,1
1084.46,3,1,3,1
1084.96,3,1,3,1
1085.46,3,1,3,1
1085.96,3,1,3,1
1086.46,3,1,3,1
1086.96,3,1,3,1
1087.46,3,1,3,1
1087.96,3,1,3,1
1088.46,3,1,3,1
1088.96,3,1,3,1
1089.46,3,1,3,1
1089.96,3,1,3,1
1090.46,3,1,3,1
1090.96,3,1,3,1
1091.46,3,1,3,1
1091.96,3,1,3,1
1092.46,3,1,3,1
1092.96,3,1,3,1
1093.46,3,1,3,1
1093.96,3,1,3,1
1094.46,3,1,3,1
1094.96,3,1,3,1
1095.46,3,1,3,1
1095.96,3,1,3,1
1096.46,3,1,3,1
1096.96,3,1,3,1
1097.46,3,1,3,1
1097.96,3,1,3,1
1098.46,3,1,3,1
1098.96,3,1,3,1
1099.46,3,1,3,1
1099.96,3,1,3,1
1100.46,3,1,3,1
1100.96,3,1,3,1
1101.46,3,1,3,1
1101.96,3,1,3,1
1102.46,3,1,3,1
1102.96,3,1,3,1
1103.46,3,1,3,1
1103.96,3,1,3,1
1104.46,3,1,3,1
1104.96,3,1,3,1
1105.46,3,1,3,1
1105.96,3,1,3,1
1106.46,3,1,3,1
1106.96,3,1,3,1
1107.46,3,1,3,1
1107.96,3,1,3,1
1108.46,3,1,3,1
1108.96,3,1,3,1
1109.46,3,1,3,1
1109.96,3,1,3,1
1110.46,3,1,3,1
1110.96,3,1,3,1
1111.46,3,1,3,1
1111.96,3,1,3,1
1112.46,3,1,3,1
1112.96,3,1,3,1
1113.46,3,1,3,1
1113.96,3,1,3,1
1114.46,3,1,3,1
1114.96,3,1,3,1
1115.46,3,1,3,1
1115.96,3,1,3,1
1116.46,3,1,3,1
1116.96,3,1,3,1
1117.46,3,1,3,1
1117.96,3,1,3,1
1118.46,3,1,3,1
1118.96,3,1,3,1
1119.46,3,1,3,1
1119.96,3,1,3,1
1120.46,3,1,3,1
1120.96,3,1,3,1
1121.46,3,1,3,1
1121.96,3,1,3,1
1122.46,3,1,3,1
1122.96,3,1,3,1
1123.46,3,1,3,1
1123.96,3,1,3,1
1124.46,3,1,3,1
1124.96,3,1,3,1
1125.46,3,1,3,1
1125.96,3,1,3,1
1126.46,3,1,3,1
1126.96,3,1,3,1
1127.46,3,1,3,1
1127.96,3,1,3,1
1128.46,3,1,3,1
1128.96,3,1,3,1
1129.46,3,1,3,1
1129.96,3,1,3,1
1130.46,3,1,3,1
1130.96,3,1,3,1
1131.46,3,1,3,1
1131.96,3,1,3,1
1132.46,3,1,3,1
1132.96,3,1,3,1
1133.46,3,1,3,1
1133.96,3,1,3,1
1134.46,3,1,3,1
1134.96,3,1,3,1
1135.46,3,1,3,1
1135.96,3,1,3,1
1136.46,3,1,3,1
1136.96,3,1,3,1
1137.46,3,1,3,1
1137.96,3,1,3,1
1138.46,3,1,3,1
1138.96,3,1,3,1
1139.46,3,1,3,1
1139.96,3,1,3,1
1140.46,3,1,3,1
1140.96,3,1,3,1
1141.46,3,1,3,1
1141.96,3,1,3,1
1142.46,3,1,3,1
1142.96,3,1,3,1
1143.46,3,1,3,1
1143.96,3,1,3,1
1144.46,3,1,3,1
1144.96,3,1,3,1
1145.46,3,1,3,1
1145.96,3,1,3,1
1146.46,3,1,3,1
1146.96,3,1,3,1
1147.46,3,1,3,1
1147.96,3,1,3,1
1148.46,3,1,3,1
1148.96,3,1,3,1
1149.46,3,1,3,1
1149.96,3,1,3,1
1150.46,3,1,3,1
1150.96,3,1,3,1
1151.46,3,1,3,1
1151.96,3,1,3,1
1152.46,3,1,3,1
1152.96,3,1,3,1
1153.46,3,1,3,1
1153.96,3,1,3,1
1154.46,3,1,3,1
1154.96,3,1,3,1
1155.46,3,1,3,1
1155.96,3,1,3,1
1156.46,3,1,3,1
1156.96,3,1,3,1
1157.46,3,1,3,1
1157.96,3,1,3,1
1158.46,3,1,3,1
1158.96,3,1,3,1
1159.46,3,1,3,1
1159.96,3,1,3,1
1160.46,3,1,3,1
1160.96,3,1,3,1
1161.46,3,1,3,1
1161.96,3,1,3,1
1162.46,3,1,3,1
1162.96,3,1,3,1
1163.46,3,1,3,1
1163.96,3,1,3,1
1164.46,3,1,3,1
1164.96,3,1,3,1
1165.46,3,1,3,1
1165.96,3,1,3,1
1166.46,3,1,3,1
1166.96,3,0.861386138613861,3,1
1167.46,3,0.613861386138614,3,0.792079207920792
1167.96,9,0.633663366336634,3,0.544554455445545
1168.46,9,0.881188118811881,9,0.702970297029703
1168.96,9,1,9,0.95049504950495
1169.46,9,1,9,1
1169.96,9,1,9,1
1170.46,9,1,9,1
1170.96,9,1,9,1
1171.46,9,1,9,1
1171.96,9,1,9,1
1172.46,9,1,9,1
1172.96,9,1,9,1
1173.46,9,1,9,1
1173.96,9,1,9,1
1174.46,9,1,9,1
1174.96,9,1,9,1
1175.46,9,1,9,1
1175.96,9,1,9,1
1176.46,9,1,9,1
1176.96,9,1,9,1
1177.46,9,1,9,1
1177.96,9,1,9,1
1178.46,9,1,9,1
1178.96,9,1,9,1
1179.46,9,1,9,1
1179.96,9,1,9,1
1180.46,9,1,9,1
1180.96,9,1,9,1
1181.46,9,1,9,1
1181.96,9,1,9,1
1182.46,9,1,9,1
1182.96,9,1,9,1
1183.46,9,1,9,1
1183.96,9,1,9,1
1184.46,9,1,9,1
1184.96,9,1,9,1
1185.46,9,1,9,1
1185.96,9,1,9,1
1186.46,9,1,9,1
1186.96,9,1,9,1
1187.46,9,1,9,1
1187.96,9,1,9,1
1188.46,9,1,9,1
1188.96,9,1,9,1
1189.46,9,1,9,1
1189.96,9,1,9,1
1190.46,9,1,9,1
1190.96,9,1,9,1
1191.46,9,1,9,1
1191.96,9,1,9,1
1192.46,9,1,9,1
1192.96,9,1,9,1
1193.46,9,1,9,1
1193.96,9,1,9,1
1194.46,9,1,9,1
1194.96,9,1,9,1
1195.46,9,1,9,1
1195.96,9,1,9,1
1196.46,9,1,9,1
1196.96,9,1,9,1
1197.46,9,1,9,1
1197.96,9,1,9,1
1198.46,9,1,9,1
1198.96,9,1,9,1
1199.46,9,1,9,1
1199.96,9,1,9,1
1200.46,9,1,9,1
1200.96,9,1,9,1
1201.46,9,1,9,1
1201.96,9,1,9,1
1202.46,9,1,9,1
1202.96,9,1,9,1
1203.46,9,1,9,1
1203.96,9,1,9,1
1204.46,9,1,9,1
1204.96,9,1,9,1
1205.46,9,1,9,1
1205.96,9,1,9,1
1206.46,9,1,9,1
1206.96,9,1,9,1
1207.46,9,1,9,1
1207.96,9,1,9,1
1208.46,9,1,9,1
1208.96,9,1,9,1
1209.46,9,1,9,1
1209.96,9,1,9,1
1210.46,9,1,9,1
1210.96,9,1,9,1
1211.46,9,1,9,1
1211.96,9,1,9,1
1212.46,9,1,9,1
1212.96,9,1,9,1
1213.46,9,1,9,1
1213.96,9,1,9,1
1214.46,9,1,9,1
1214.96,9,1,9,1
1215.46,9,1,9,1
1215.96,9,1,9,1
1216.46,9,1,9,1
1216.96,9,1,9,1
1217.46,9,1,9,1
1217.96,9,1,9,1
1218.46,9,1,9,1
1218.96,9,1,9,1
1219.46,9,1,9,1
1219.96,9,1,9,1
1220.46,9,1,9,1
1220.96,9,1,9,1
1221.46,9,1,9,1
1221.96,9,1,9,1
1222.46,9,1,9,1
1222.96,9,1,9,1
1223.46,9,1,9,1
1223.96,9,1,9,1
1224.46,9,1,9,1
1224.96,9,1,9,1
1225.46,9,1,9,1
1225.96,9,1,9,1
1226.46,9,1,9,1
1226.96,9,1,9,1
1227.46,9,1,9,1
1227.96,9,1,9,1
1228.46,9,1,9,1
1228.96,9,1,9,1
1229.46,9,1,9,1
1229.96,9,1,9,1
1230.46,9,1,9,1
1230.96,9,1,9,1
1231.46,9,1,9,1
1231.96,9,1,9,1
1232.46,9,1,9,1
1232.96,9,1,9,1
1233.46,9,1,9,1
1233.96,9,1,9,1
1234.46,9,1,9,1
1234.96,9,1,9,1
1235.46,9,1,9,1
1235.96,9,1,9,1
1236.46,9,1,9,1
1236.96,9,1,9,1
1237.46,9,1,9,1
1237.96,9,1,9,1
1238.46,9,1,9,1
1238.96,9,1,9,1
1239.46,9,1,9,1
1239.96,9,1,9,1
1240.46,9,1,9,1
1240.96,9,1,9,1
1241.46,9,1,9,1
1241.96,9,1,9,1
1242.46,9,1,9,1
1242.96,9,1,9,1
1243.46,9,1,9,1
1243.96,9,1,9,1
1244.46,9,1,9,1
1244.96,9,1,9,1
1245.46,9,1,9,1
1245.96,9,1,9,1
1246.46,9,1,9,1
1246.96,9,1,9,1
1247.46,9,1,9,1
1247.96,9,1,9,1
1248.46,9,1,9,1
1248.96,9,1,9,1
1249.46,9,1,9,1
1249.96,9,1,9,1
1250.46,9,1,9,1
1250.96,9,1,9,1
1251.46,9,1,9,1
1251.96,9,1,9,1
1252.46,9,1,9,1
1252.96,9,1,9,1
1253.46,9,1,9,1
1253.96,9,1,9,1
1254.46,9,1,9,1
1254.96,9,1,9,1
1255.46,9,1,9,1
1255.96,9,1,9,1
1256.46,9,1,9,1
1256.96,9,1,9,1
1257.46,9,1,9,1
1257.96,9,1,9,1
1258.46,9,1,9,1
1258.96,9,1,9,1
1259.46,9,1,9,1
1259.96,9,1,9,1
1260.46,9,1,9,1
1260.96,9,1,9,1
1261.46,9,1,9,1
1261.96,9,1,9,1
1262.46,9,1,9,1
1262.96,9,1,9,1
1263.46,9,1,9,1
1263.96,9,1,9,1
1264.46,9,1,9,1
1264.96,9,1,9,1
1265.46,9,1,9,1
1265.96,9,1,9,1
1266.46,9,1,9,1
1266.96,9,1,9,1
1267.46,9,1,9,1
1267.96,9,1,9,1
1268.46,9,1,9,1
1268.96,9,1,9,1
1269.46,9,1,9,1
1269.96,9,1,9,1
1270.46,9,1,9,1
1270.96,9,1,9,1
1271.46,9,1,9,1
1271.96,9,1,9,1
1272.46,9,1,9,1
1272.96,9,1,9,1
1273.46,9,1,9,1
1273.96,9,1,9,1
1274.46,9,1,9,1
1274.96,9,1,9,1
1275.46,9,1,9,1
1275.96,9,1,9,1
1276.46,9,1,9,1
1276.96,9,1,9,1
1277.46,9,1,9,1
1277.96,9,1,9,1
1278.46,9,1,9,1
1278.96,9,1,9,1
1279.46,9,1,9,1
1279.96,9,1,9,1
1280.46,9,1,9,1
1280.96,9,1,9,1
1281.46,9,1,9,1
1281.96,9,1,9,1
1282.46,9,1,9,1
1282.96,9,1,9,1
1283.46,9,1,9,1
1283.96,9,1,9,1
1284.46,9,1,9,1
1284.96,9,1,9,1
1285.46,9,1,9,1
1285.96,9,1,9,1
1286.46,9,1,9,1
1286.96,9,1,9,1
1287.46,9,1,9,1
1287.96,9,1,9,1
1288.46,9,1,9,1
1288.96,9,1,9,1
1289.46,9,1,9,1
1289.96,9,1,9,1
1290.46,9,1,9,1
1290.96,9,1,9,1
1291.46,9,1,9,1
1291.96,9,1,9,1
1292.46,9,1,9,1
1292.96,9,1,9,1
1293.46,9,1,9,1
1293.96,9,1,9,1
1294.46,9,1,9,1
1294.96,9,1,9,1
